16 87 10 
14 34 74 
75 82 10 
27 82 27 
65 42 9 
34 74 22 
82 79 7 
31 61 93 
16 1 0 
58 83 59 
0 35 72 
23 30 19 
49 57 58 
5 97 19 
35 69 71 
7 93 95 
6 76 70 
17 96 53 
51 29 95 
14 23 93 
93 84 66 
7 51 40 
56 28 58 
35 28 94 
84 90 1 
61 78 28 
3 77 9 
72 96 97 
74 96 71 
53 82 57 
24 16 36 
81 55 78 
13 58 8 
14 9 82 
64 14 92 
25 58 87 
56 98 18 
41 35 30 
75 40 46 
44 25 56 
72 74 60 
87 15 23 
62 91 17 
8 77 7 
80 2 90 
38 77 23 
70 51 29 
94 72 72 
78 6 11 
21 57 69 
45 84 93 
37 30 9 
10 19 74 
48 17 81 
10 68 66 
72 84 26 
64 19 75 
79 51 85 
44 96 31 
98 78 24 
49 30 58 
14 56 46 
58 63 20 
15 6 73 
8 12 49 
71 78 3 
18 55 81 
42 95 91 
39 13 73 
57 69 35 
48 92 39 
22 6 20 
74 10 44 
72 62 77 
58 76 74 
78 74 55 
55 70 84 
24 41 64 
76 5 44 
38 29 58 
94 97 92 
54 63 6 
43 50 6 
77 20 87 
92 5 8 
54 75 12 
28 49 66 
88 63 40 
0 21 17 
36 47 75 
20 74 37 
89 26 98 
42 97 71 
23 10 65 
3 70 65 
14 95 63 
94 25 2 
54 44 90 
67 11 91 
5 84 65 
