85 12 26 
41 33 56 
46 3 60 
76 94 89 
8 80 22 
21 55 62 
91 91 51 
37 78 15 
79 93 74 
7 52 74 
0 22 78 
95 45 9 
68 37 6 
59 40 59 
4 64 36 
88 27 54 
58 70 94 
0 21 13 
7 63 53 
48 15 97 
32 57 3 
1 66 46 
63 16 76 
97 36 7 
57 44 13 
11 54 23 
56 33 44 
60 86 38 
90 91 85 
69 79 92 
21 49 9 
80 38 54 
7 10 44 
25 28 1 
77 16 94 
6 12 27 
7 2 34 
17 7 35 
14 78 73 
79 74 2 
98 98 47 
67 60 76 
84 89 68 
60 55 59 
88 80 95 
4 96 97 
8 54 85 
44 25 41 
18 27 92 
61 3 14 
94 28 82 
1 24 19 
93 62 79 
55 16 48 
5 77 8 
85 13 0 
64 1 66 
53 14 95 
41 98 55 
46 38 2 
89 12 47 
0 58 50 
93 4 44 
21 83 1 
91 90 71 
46 70 7 
67 8 74 
40 53 80 
71 51 46 
8 81 5 
18 29 65 
89 31 65 
3 36 48 
46 24 67 
87 12 95 
63 40 95 
40 64 58 
22 40 98 
43 5 14 
18 65 27 
86 69 22 
60 92 22 
66 27 84 
73 44 81 
22 20 93 
32 34 24 
61 32 66 
90 77 27 
50 62 59 
27 12 24 
79 22 61 
9 52 29 
34 13 23 
19 39 2 
9 46 18 
82 16 59 
41 69 24 
35 94 71 
96 3 42 
49 26 26 
2 4 2 
68 44 2 
7 71 21 
41 25 90 
52 92 50 
62 15 75 
15 26 59 
57 71 54 
97 16 90 
27 96 84 
91 7 29 
42 36 37 
71 20 96 
60 86 34 
27 8 29 
21 34 86 
78 34 14 
23 66 56 
97 86 81 
22 44 59 
17 46 69 
38 25 95 
39 33 69 
61 13 31 
53 10 23 
75 17 33 
26 54 2 
72 74 98 
72 0 68 
88 97 83 
71 32 25 
59 38 15 
21 44 66 
8 72 53 
43 22 57 
41 13 92 
86 79 37 
48 19 60 
20 45 39 
33 21 13 
72 93 19 
9 30 88 
29 15 15 
20 70 59 
84 94 35 
26 9 69 
90 56 69 
47 28 2 
71 32 21 
88 91 0 
47 93 3 
41 25 60 
14 21 53 
9 9 73 
69 75 87 
31 26 22 
68 22 41 
1 90 12 
15 10 34 
22 55 22 
24 73 1 
62 1 73 
96 58 97 
63 89 20 
3 59 14 
16 86 1 
66 97 32 
36 35 76 
22 60 59 
46 52 1 
42 49 75 
81 4 28 
2 16 56 
71 1 84 
48 11 81 
50 22 12 
58 75 0 
34 18 30 
21 57 60 
4 89 93 
48 82 73 
43 18 94 
95 44 75 
58 27 21 
1 63 69 
34 27 79 
94 42 54 
67 86 70 
2 59 12 
47 23 24 
2 20 50 
45 5 44 
25 32 52 
87 88 83 
91 55 58 
68 49 92 
88 15 73 
53 11 31 
52 92 2 
80 10 34 
56 95 21 
98 51 60 
11 19 62 
63 9 92 
69 0 76 
29 73 47 
85 37 58 
48 71 40 
92 73 59 
83 84 61 
81 13 26 
6 98 85 
0 12 79 
29 50 14 
37 13 93 
60 50 65 
15 28 58 
41 85 90 
83 56 26 
30 35 20 
89 9 53 
46 54 88 
12 73 44 
24 55 7 
58 64 48 
77 77 79 
42 35 66 
13 92 15 
66 11 18 
93 18 49 
1 76 27 
73 9 35 
61 26 11 
31 97 25 
27 31 82 
78 3 70 
6 43 72 
56 35 53 
98 26 83 
7 53 3 
98 15 11 
61 69 90 
70 46 80 
54 83 71 
62 0 90 
5 84 83 
63 25 58 
62 67 49 
83 47 32 
62 73 32 
5 94 6 
47 96 85 
51 77 51 
83 38 2 
38 79 44 
86 14 72 
49 4 28 
14 78 69 
62 87 21 
12 41 54 
76 15 61 
2 79 78 
12 93 98 
51 46 61 
33 12 34 
87 94 85 
56 75 32 
43 11 89 
25 66 88 
95 66 20 
22 81 47 
22 49 42 
63 95 13 
79 68 47 
93 60 85 
82 3 24 
35 54 71 
96 79 78 
18 57 89 
33 7 18 
13 9 36 
25 80 18 
40 80 52 
70 6 52 
22 29 39 
74 38 81 
35 75 76 
24 83 58 
15 29 9 
84 54 30 
35 15 96 
30 91 78 
8 7 3 
81 26 77 
34 63 32 
36 70 96 
49 73 95 
54 13 11 
75 79 43 
23 87 3 
82 76 73 
19 48 27 
82 85 82 
24 55 92 
23 74 22 
7 18 75 
79 20 41 
90 90 8 
8 62 49 
22 14 11 
56 33 45 
83 69 11 
55 51 32 
29 48 32 
73 63 17 
16 96 23 
66 55 15 
31 39 48 
4 12 47 
73 85 19 
89 95 98 
69 95 58 
87 73 33 
42 34 0 
10 92 23 
62 6 67 
98 74 48 
28 37 97 
45 61 12 
57 58 52 
2 33 11 
83 25 53 
68 87 1 
90 19 34 
59 24 83 
8 25 92 
64 57 86 
92 24 6 
24 50 11 
73 94 66 
80 60 29 
26 19 69 
84 97 78 
59 47 53 
75 34 52 
57 74 30 
65 98 28 
95 92 20 
26 51 30 
45 3 9 
12 5 68 
83 71 44 
47 31 60 
70 22 84 
75 40 85 
77 5 80 
10 42 8 
74 57 83 
78 91 37 
97 79 28 
70 89 86 
21 92 83 
16 87 78 
32 9 44 
29 81 3 
53 76 17 
62 33 97 
34 87 82 
92 70 50 
26 74 13 
66 17 40 
63 98 53 
4 16 95 
11 72 73 
60 45 92 
10 76 36 
3 51 34 
19 18 62 
19 75 11 
92 27 98 
24 98 98 
5 77 6 
66 67 51 
26 63 91 
71 68 61 
10 87 41 
77 23 55 
10 52 45 
97 9 19 
52 36 27 
70 26 6 
12 87 66 
8 46 8 
54 16 4 
38 19 7 
74 76 65 
41 70 11 
20 53 8 
37 64 28 
14 53 92 
76 86 79 
49 80 14 
56 71 17 
62 25 54 
20 60 75 
57 26 50 
50 2 80 
14 57 6 
62 93 88 
19 19 65 
73 2 63 
44 27 91 
48 5 29 
54 40 93 
68 54 85 
26 72 23 
65 12 71 
9 48 5 
72 82 80 
52 16 75 
83 24 21 
18 18 54 
94 6 67 
70 95 36 
31 57 68 
98 16 12 
39 41 45 
50 37 9 
61 75 73 
91 73 33 
68 26 67 
0 18 6 
56 77 23 
38 6 81 
25 45 58 
72 40 37 
59 2 82 
7 41 74 
65 35 8 
89 34 37 
7 33 82 
38 85 30 
93 16 37 
20 12 66 
26 74 76 
33 3 25 
75 81 74 
24 0 86 
91 81 52 
74 9 65 
46 19 46 
63 0 6 
1 68 98 
37 36 8 
2 32 46 
71 19 68 
13 77 95 
30 16 75 
8 70 63 
39 12 93 
2 73 32 
72 48 91 
56 33 50 
29 88 34 
77 29 6 
91 88 65 
70 11 20 
21 53 61 
70 52 28 
62 91 74 
34 38 48 
48 83 70 
95 72 47 
9 27 15 
79 67 57 
77 92 8 
80 63 96 
68 33 94 
15 36 43 
4 38 65 
75 94 14 
26 21 92 
3 32 55 
44 7 77 
87 9 94 
25 71 93 
49 34 64 
43 48 28 
7 36 58 
21 6 73 
66 95 45 
12 31 74 
21 27 11 
63 64 63 
62 54 83 
25 90 33 
98 6 20 
65 77 65 
46 88 81 
97 59 94 
62 25 93 
36 56 95 
92 64 23 
1 75 40 
61 40 59 
94 25 91 
20 30 39 
72 3 71 
31 88 29 
86 10 14 
42 88 12 
26 1 42 
56 28 59 
90 21 26 
14 47 37 
60 95 3 
11 14 86 
85 26 44 
46 38 3 
59 54 85 
94 51 17 
67 12 26 
48 4 84 
42 82 85 
27 49 86 
8 46 68 
58 73 73 
94 75 5 
83 48 98 
65 50 43 
36 63 56 
29 21 34 
20 62 41 
96 2 69 
80 12 44 
1 9 82 
41 28 69 
90 87 53 
63 22 74 
98 50 97 
49 89 50 
45 93 31 
24 48 74 
30 72 55 
17 72 60 
41 47 55 
42 32 73 
44 7 69 
77 14 4 
5 35 40 
39 57 54 
21 64 86 
87 65 2 
69 10 86 
75 24 61 
55 79 1 
7 22 72 
33 88 29 
81 90 69 
83 29 73 
13 65 44 
71 79 38 
11 17 13 
91 64 52 
14 17 10 
44 30 75 
21 72 11 
26 1 91 
44 72 96 
15 62 6 
17 53 41 
0 6 94 
14 59 98 
2 91 34 
82 21 8 
48 23 23 
39 90 29 
42 33 30 
43 4 84 
86 64 49 
92 67 16 
20 88 0 
83 18 8 
60 6 20 
31 16 64 
74 9 10 
20 38 33 
95 89 24 
25 88 89 
71 0 42 
78 67 27 
75 23 18 
16 45 67 
58 21 9 
47 29 18 
26 67 53 
67 84 26 
38 74 54 
57 49 17 
50 13 88 
42 98 25 
26 67 88 
4 80 97 
48 80 35 
88 31 64 
84 93 42 
50 80 95 
89 76 38 
39 15 1 
4 47 66 
9 18 89 
50 85 56 
76 3 82 
74 31 84 
97 14 27 
11 87 76 
55 80 87 
11 34 63 
82 9 5 
32 42 62 
42 66 47 
38 65 0 
16 64 95 
72 4 89 
93 41 39 
77 85 30 
45 85 73 
40 55 60 
31 55 33 
54 12 7 
28 29 63 
32 89 46 
11 39 48 
13 23 42 
28 59 52 
97 76 54 
26 58 53 
58 52 8 
14 31 66 
87 82 10 
54 81 9 
12 12 44 
45 38 60 
89 58 72 
48 0 8 
18 56 68 
34 4 72 
68 13 71 
58 85 6 
33 54 8 
3 79 54 
25 31 51 
52 58 90 
93 38 53 
84 94 43 
29 86 83 
23 72 75 
30 80 34 
5 28 41 
62 58 92 
6 76 8 
69 48 89 
55 34 58 
57 16 41 
68 45 50 
52 86 68 
21 97 23 
47 50 54 
73 47 16 
6 10 60 
19 71 15 
76 51 96 
8 96 3 
45 40 52 
49 8 40 
16 8 86 
82 9 31 
22 31 83 
63 61 16 
35 86 81 
48 28 79 
47 95 21 
11 50 41 
55 92 64 
62 14 88 
12 40 86 
7 77 95 
97 28 0 
74 66 33 
34 29 85 
1 60 54 
31 97 65 
62 86 48 
98 48 67 
69 63 78 
58 34 1 
52 92 18 
38 32 39 
20 88 40 
54 33 76 
67 13 23 
96 29 54 
21 0 11 
14 44 28 
87 10 78 
80 23 77 
45 33 32 
32 72 69 
0 69 42 
42 45 19 
91 47 57 
24 71 30 
29 95 44 
4 29 16 
28 30 96 
16 72 31 
65 58 48 
82 39 10 
9 71 38 
65 97 50 
52 11 20 
11 45 73 
44 98 0 
61 97 62 
97 24 98 
74 45 38 
84 44 47 
37 35 13 
65 76 17 
5 94 2 
71 73 67 
83 21 76 
11 73 73 
44 17 57 
3 1 28 
18 10 26 
75 19 39 
27 76 80 
12 79 37 
85 82 76 
3 39 26 
30 23 85 
37 24 58 
49 91 94 
65 10 14 
89 86 36 
9 26 34 
46 71 66 
30 45 89 
65 68 94 
70 64 3 
53 3 82 
76 17 23 
50 42 5 
49 12 31 
36 52 67 
55 97 51 
87 27 38 
30 93 87 
28 33 92 
68 83 53 
56 10 42 
10 51 54 
68 34 61 
50 88 24 
39 55 78 
48 57 65 
35 48 13 
90 43 61 
57 77 53 
7 67 18 
45 5 24 
49 69 87 
60 68 42 
53 31 89 
4 54 9 
83 5 42 
89 1 25 
0 62 56 
92 81 27 
82 33 34 
61 60 94 
60 32 30 
73 49 31 
20 55 94 
95 12 22 
23 25 92 
81 38 54 
17 18 3 
76 74 43 
2 2 63 
48 77 17 
14 25 82 
33 23 16 
79 47 25 
94 60 22 
76 33 17 
45 59 59 
94 2 2 
81 79 19 
31 93 28 
89 41 30 
85 33 13 
13 8 89 
63 69 19 
31 75 87 
4 45 90 
64 1 39 
26 96 96 
10 95 2 
0 64 98 
16 95 12 
88 26 72 
26 17 98 
65 73 20 
82 93 17 
25 44 85 
2 33 55 
56 46 13 
9 42 27 
20 88 51 
66 45 98 
34 16 0 
16 34 43 
81 74 38 
5 42 66 
2 68 26 
68 46 56 
69 54 88 
49 43 7 
39 3 46 
58 91 55 
45 3 18 
58 38 58 
80 50 29 
57 65 22 
87 74 98 
2 46 55 
34 23 49 
37 56 53 
11 48 86 
85 46 27 
88 81 2 
88 13 17 
38 3 70 
84 40 91 
72 31 6 
56 21 14 
14 28 70 
43 31 18 
51 52 94 
6 94 5 
6 50 6 
48 0 93 
38 54 62 
58 51 55 
31 4 5 
63 7 91 
5 90 0 
8 69 73 
13 30 63 
93 12 58 
0 52 9 
58 77 63 
54 30 94 
0 93 55 
43 39 27 
82 93 11 
54 82 91 
46 78 3 
79 37 10 
28 31 44 
6 19 61 
6 19 61 
77 0 4 
39 49 18 
1 93 52 
86 60 8 
0 9 75 
33 5 21 
76 98 66 
48 33 50 
40 2 25 
72 72 87 
8 53 59 
71 39 31 
0 4 64 
73 50 67 
47 40 52 
22 32 30 
57 50 71 
96 47 32 
86 56 4 
93 22 37 
61 60 18 
57 46 15 
37 59 20 
81 42 35 
14 60 22 
60 10 59 
45 32 44 
39 10 68 
17 45 51 
7 90 28 
29 47 10 
71 48 87 
57 43 48 
88 35 58 
97 45 51 
32 54 85 
68 68 33 
83 46 74 
5 38 6 
66 45 57 
46 70 62 
76 52 48 
79 15 89 
16 13 87 
84 69 59 
92 44 70 
16 88 46 
74 49 26 
14 68 60 
25 21 69 
93 13 18 
67 55 43 
35 91 79 
78 73 71 
43 58 44 
51 18 5 
35 41 27 
26 96 68 
41 32 13 
12 92 70 
6 95 83 
23 34 1 
65 15 4 
45 61 18 
4 62 19 
84 90 89 
26 13 54 
96 95 66 
31 67 89 
28 43 71 
96 50 97 
22 7 80 
25 66 23 
96 15 42 
23 0 52 
14 76 32 
3 31 98 
65 16 60 
94 23 82 
56 4 11 
43 37 63 
30 47 49 
39 81 76 
24 50 7 
67 79 52 
53 22 37 
23 11 25 
52 9 82 
84 23 1 
4 59 61 
25 82 49 
34 70 51 
50 27 36 
40 95 92 
91 16 84 
96 79 85 
10 21 44 
60 79 31 
35 75 31 
75 17 55 
45 91 92 
86 5 44 
77 69 40 
92 6 49 
54 69 59 
67 24 12 
74 4 24 
4 81 9 
13 3 0 
84 59 50 
38 86 58 
11 54 18 
70 45 36 
53 98 33 
19 76 53 
45 90 65 
87 5 54 
35 9 31 
25 20 98 
67 15 3 
2 23 43 
88 12 80 
84 11 95 
54 90 29 
8 56 39 
4 53 94 
