45 82 79 
2 66 56 
77 11 90 
38 70 84 
25 46 65 
18 38 2 
74 28 27 
55 77 90 
81 41 58 
26 95 89 
46 9 61 
76 67 30 
68 71 54 
69 71 96 
16 52 90 
31 63 10 
91 74 93 
8 94 4 
44 2 75 
2 57 41 
83 90 16 
1 60 75 
50 52 89 
52 68 0 
1 0 49 
92 49 15 
8 75 33 
90 60 82 
20 33 79 
84 9 60 
29 53 18 
81 57 34 
63 87 11 
55 58 18 
30 30 81 
5 57 41 
3 86 6 
37 24 36 
62 42 93 
92 13 64 
56 39 1 
49 34 96 
24 72 90 
2 0 83 
36 60 15 
5 20 45 
9 90 86 
68 31 90 
21 77 76 
15 39 10 
44 3 11 
21 57 69 
55 7 4 
14 75 16 
61 9 54 
3 61 64 
4 94 41 
97 23 20 
94 89 67 
57 3 63 
92 55 11 
22 90 56 
1 39 2 
75 28 98 
90 26 6 
69 88 89 
95 61 81 
50 36 44 
42 61 17 
45 83 41 
38 62 55 
80 83 40 
28 29 14 
54 13 1 
53 30 27 
8 30 96 
57 51 79 
84 81 95 
79 74 49 
1 53 11 
1 46 11 
23 78 89 
6 10 9 
44 12 90 
42 66 50 
35 83 50 
48 82 69 
32 78 0 
90 98 62 
23 15 51 
57 98 36 
34 88 12 
36 59 32 
0 91 52 
91 40 91 
40 10 80 
5 86 45 
58 86 78 
43 98 93 
47 73 9 
60 47 73 
61 47 3 
76 71 4 
34 39 74 
63 22 29 
44 44 83 
13 93 70 
73 2 5 
34 7 62 
87 80 90 
36 71 15 
44 62 7 
54 82 47 
75 41 97 
92 89 82 
10 0 60 
63 70 3 
86 29 85 
65 61 48 
96 25 63 
0 66 19 
39 55 66 
52 79 1 
87 15 31 
63 38 70 
68 59 86 
33 81 73 
38 75 5 
31 71 22 
37 4 94 
23 52 42 
83 90 69 
61 88 10 
4 26 18 
47 41 55 
96 16 76 
21 70 23 
66 35 2 
79 21 14 
43 26 54 
35 11 80 
87 2 14 
12 16 20 
38 12 93 
98 68 22 
52 33 57 
44 78 54 
4 88 43 
49 8 76 
63 17 24 
85 96 32 
48 95 10 
96 83 35 
3 13 97 
68 93 81 
7 60 29 
0 80 20 
38 4 63 
40 25 24 
61 66 56 
58 97 23 
87 48 2 
46 65 17 
82 98 47 
21 25 69 
3 16 8 
75 4 71 
0 6 80 
9 76 36 
5 17 87 
53 97 50 
61 54 7 
79 32 9 
60 16 89 
8 56 15 
54 82 67 
1 28 1 
2 91 51 
22 56 73 
36 45 98 
73 25 36 
24 69 23 
39 40 78 
82 97 29 
97 98 94 
29 40 43 
68 75 84 
74 75 22 
15 94 67 
73 91 89 
22 94 96 
10 17 86 
54 20 11 
53 82 88 
13 64 18 
1 87 84 
86 7 66 
46 24 52 
48 59 9 
19 84 44 
26 94 94 
14 57 47 
94 41 5 
39 16 86 
95 69 75 
88 85 67 
41 49 1 
58 14 50 
41 61 15 
51 13 51 
82 57 78 
27 36 62 
19 47 34 
78 62 61 
37 74 71 
89 7 48 
36 76 76 
40 22 53 
43 8 76 
21 78 36 
41 53 92 
67 96 64 
90 34 85 
92 52 8 
49 1 60 
41 12 90 
68 82 60 
18 27 9 
95 6 89 
77 79 0 
67 92 53 
42 10 50 
58 17 39 
47 90 50 
40 79 44 
6 38 87 
53 2 35 
4 83 52 
36 18 73 
22 17 39 
74 19 35 
33 87 44 
9 43 40 
8 29 46 
72 26 42 
86 59 45 
48 59 97 
71 63 14 
45 85 61 
72 85 45 
88 23 82 
2 4 96 
70 57 13 
35 90 57 
29 83 46 
45 54 8 
8 97 97 
11 23 90 
71 39 42 
37 70 52 
42 77 62 
21 12 20 
46 21 56 
0 34 88 
9 70 10 
9 84 90 
39 51 32 
49 13 31 
64 20 55 
7 26 9 
51 44 6 
61 84 88 
44 87 76 
89 73 15 
79 38 73 
53 14 84 
22 91 92 
32 41 39 
50 78 88 
21 73 64 
82 39 58 
65 83 80 
46 33 2 
42 39 80 
22 89 34 
72 0 48 
85 73 14 
3 77 51 
15 20 50 
40 75 86 
29 30 17 
82 28 64 
29 50 80 
49 18 73 
17 67 63 
49 8 88 
0 12 73 
89 97 14 
70 27 83 
11 38 95 
19 84 9 
37 19 73 
98 83 60 
39 19 69 
71 11 30 
83 46 67 
1 47 82 
42 15 47 
81 56 60 
28 97 65 
62 41 70 
29 2 12 
18 12 89 
5 30 31 
20 88 84 
41 39 6 
19 92 52 
78 97 22 
38 71 11 
91 56 19 
83 68 25 
85 49 78 
18 22 22 
97 50 12 
39 61 5 
27 63 86 
67 73 76 
62 31 7 
79 31 94 
37 83 97 
21 85 34 
16 37 84 
78 60 8 
7 65 64 
38 17 9 
97 14 44 
4 74 4 
11 68 3 
37 78 49 
96 51 50 
16 11 1 
27 8 8 
82 10 84 
59 79 2 
87 56 77 
60 77 95 
90 97 51 
17 40 95 
7 3 42 
25 86 8 
59 20 15 
62 39 91 
37 88 8 
52 88 24 
32 39 59 
40 50 12 
35 92 17 
94 85 14 
92 94 45 
11 51 8 
62 57 57 
48 98 91 
78 17 54 
35 74 70 
40 90 33 
1 20 52 
1 73 35 
43 35 98 
96 58 81 
13 12 78 
39 82 91 
86 82 41 
24 80 43 
78 39 23 
78 77 30 
1 40 57 
62 67 52 
10 44 79 
67 40 60 
46 36 1 
49 22 5 
51 73 41 
92 0 54 
78 25 62 
69 26 27 
98 2 14 
80 53 50 
38 28 12 
80 39 48 
97 83 81 
1 50 14 
59 90 63 
34 42 38 
73 3 45 
70 57 94 
61 36 58 
24 19 0 
9 30 87 
32 71 63 
11 15 54 
61 0 88 
97 50 88 
45 10 28 
85 98 18 
52 45 8 
3 57 94 
96 15 58 
84 65 32 
2 27 10 
89 30 11 
93 62 10 
45 38 81 
64 69 49 
12 7 30 
15 30 60 
25 33 78 
11 17 80 
8 84 70 
33 6 97 
72 47 80 
80 0 46 
6 72 66 
30 49 90 
77 47 67 
66 44 77 
45 48 77 
54 53 93 
89 12 32 
84 67 85 
25 9 46 
89 18 29 
65 16 32 
1 23 21 
78 36 76 
50 89 11 
69 42 10 
43 48 51 
7 77 74 
37 59 77 
62 43 88 
7 13 86 
9 43 32 
6 64 58 
53 16 75 
29 16 86 
54 45 74 
21 70 22 
2 89 8 
89 26 36 
84 95 72 
4 29 62 
22 90 94 
72 90 53 
70 68 93 
29 84 85 
65 35 91 
91 8 93 
1 57 58 
6 11 17 
24 62 98 
2 46 35 
31 78 34 
90 1 69 
72 35 32 
34 23 66 
71 75 3 
48 85 7 
84 72 57 
63 51 51 
57 79 29 
8 55 70 
80 57 6 
52 73 0 
10 55 15 
79 34 45 
13 83 48 
62 24 68 
14 90 91 
27 55 0 
39 57 22 
76 42 70 
88 88 44 
24 88 24 
37 27 24 
52 79 77 
87 18 61 
37 19 50 
38 40 95 
84 31 56 
57 96 95 
1 98 24 
32 54 33 
79 3 84 
77 88 88 
12 15 29 
90 25 20 
73 63 92 
49 25 93 
6 64 7 
69 2 9 
88 25 7 
71 21 95 
3 30 70 
51 39 73 
0 69 8 
76 93 46 
89 30 18 
88 83 47 
94 88 69 
51 97 31 
46 23 8 
47 50 57 
94 2 26 
78 46 39 
53 93 39 
84 56 13 
31 82 80 
84 23 65 
68 43 28 
62 5 34 
40 25 63 
59 85 37 
70 37 8 
60 92 18 
16 47 68 
34 14 75 
8 19 33 
18 24 4 
10 14 32 
0 44 18 
57 84 56 
22 53 68 
7 39 0 
54 76 16 
34 81 56 
41 88 94 
28 17 85 
93 75 72 
88 53 78 
83 16 65 
65 37 75 
86 7 77 
76 9 79 
94 7 88 
15 52 25 
86 96 88 
50 6 16 
1 38 65 
0 44 19 
19 72 75 
54 81 77 
54 49 4 
68 59 24 
46 81 49 
74 21 39 
10 24 89 
63 44 34 
65 51 29 
61 98 3 
21 34 57 
78 75 9 
7 45 5 
29 29 96 
11 52 77 
45 96 67 
41 75 73 
54 65 48 
18 5 31 
13 30 62 
52 40 46 
90 18 69 
14 23 90 
58 1 6 
67 58 41 
61 47 13 
19 82 19 
8 55 73 
26 37 77 
36 42 40 
0 40 45 
91 15 55 
48 37 39 
13 62 46 
40 34 52 
72 39 43 
82 32 47 
9 89 30 
73 51 50 
77 34 58 
37 1 73 
81 56 62 
29 80 97 
91 91 37 
8 75 64 
33 12 11 
67 20 25 
33 70 8 
69 25 9 
8 71 46 
76 52 50 
34 0 81 
10 48 72 
33 20 59 
7 47 13 
28 55 50 
62 81 58 
41 5 49 
55 8 44 
58 23 82 
76 33 27 
95 47 46 
25 70 64 
53 46 68 
26 59 47 
36 0 67 
75 98 7 
23 82 60 
74 78 69 
65 73 44 
28 13 42 
91 97 35 
71 20 33 
96 24 70 
85 82 20 
90 60 56 
83 86 63 
1 30 75 
33 51 76 
28 53 17 
85 54 66 
23 78 0 
11 14 2 
43 25 67 
90 60 72 
62 23 65 
55 91 71 
9 66 61 
90 29 15 
15 5 97 
96 61 72 
74 0 46 
54 60 34 
34 48 36 
13 21 5 
86 76 45 
26 24 74 
41 24 60 
56 69 22 
63 11 77 
93 84 76 
56 87 16 
29 65 93 
22 14 0 
60 62 72 
80 12 83 
63 88 51 
63 67 66 
49 65 22 
37 66 88 
86 50 93 
56 88 72 
13 75 43 
46 6 53 
95 19 8 
69 96 63 
61 48 96 
43 98 74 
96 20 31 
87 32 29 
86 38 11 
62 47 20 
9 41 70 
36 83 90 
96 92 95 
5 54 21 
45 35 55 
72 85 28 
74 59 34 
58 28 73 
46 92 3 
50 51 37 
48 84 44 
14 32 52 
28 12 48 
15 9 83 
46 15 20 
65 53 57 
87 76 82 
51 23 64 
80 9 83 
35 62 15 
19 32 3 
2 22 33 
63 61 14 
92 6 56 
10 86 97 
91 72 83 
61 61 95 
88 8 91 
92 41 44 
17 59 93 
77 22 26 
51 51 48 
74 35 87 
67 76 44 
21 57 52 
66 42 91 
24 5 5 
5 15 54 
17 56 24 
84 3 47 
57 20 25 
20 52 4 
71 49 43 
62 45 38 
54 63 27 
93 61 41 
18 78 82 
80 94 88 
17 54 93 
35 76 41 
51 97 73 
15 80 91 
16 41 74 
95 16 96 
55 39 6 
53 69 82 
96 76 67 
86 60 12 
70 72 84 
47 22 86 
20 25 25 
47 20 54 
41 79 37 
95 14 1 
59 18 38 
46 36 52 
94 19 38 
3 19 97 
49 90 25 
96 70 43 
84 63 63 
27 70 2 
84 41 78 
27 86 52 
40 72 14 
96 20 71 
84 48 2 
57 18 11 
56 25 83 
62 29 59 
45 57 19 
22 38 12 
66 18 9 
57 7 28 
69 96 57 
12 51 82 
57 56 62 
88 10 2 
23 66 34 
21 13 97 
87 5 11 
28 17 55 
65 28 62 
97 4 2 
15 5 25 
68 83 16 
21 7 50 
14 23 51 
0 6 67 
91 41 42 
75 2 97 
6 93 52 
38 9 38 
98 56 41 
87 35 65 
58 4 82 
73 73 57 
48 72 91 
44 75 91 
17 17 60 
2 85 75 
54 61 12 
20 64 17 
44 18 75 
34 57 94 
92 3 6 
19 81 18 
46 32 73 
4 21 59 
15 30 61 
9 50 21 
26 2 18 
62 58 73 
24 78 5 
79 97 84 
53 89 0 
89 36 4 
70 62 97 
9 80 22 
29 44 18 
20 37 77 
14 19 34 
54 92 9 
1 16 6 
79 7 94 
96 3 92 
56 55 79 
57 82 31 
45 89 74 
33 24 1 
71 42 1 
98 22 46 
58 35 21 
47 70 52 
1 4 18 
14 87 84 
21 64 8 
74 23 22 
11 23 83 
74 34 81 
64 23 92 
34 61 55 
97 17 94 
80 90 85 
10 9 22 
65 74 64 
1 53 9 
13 89 79 
75 42 71 
69 13 49 
18 31 97 
25 72 68 
42 8 87 
77 78 94 
9 33 4 
46 34 0 
81 56 68 
26 59 64 
26 2 9 
32 52 31 
77 56 53 
46 87 72 
93 84 89 
86 28 81 
76 73 44 
26 6 41 
41 74 98 
98 68 24 
42 65 56 
75 29 73 
87 64 16 
66 80 47 
28 79 4 
82 26 18 
8 21 22 
20 44 63 
41 59 96 
44 41 91 
71 44 1 
72 90 36 
66 17 8 
68 60 34 
61 53 3 
30 55 17 
97 93 98 
30 77 55 
0 48 96 
53 56 51 
13 29 34 
55 47 19 
30 6 11 
21 68 90 
54 16 91 
12 6 24 
31 22 11 
11 85 54 
85 98 78 
27 41 6 
8 20 12 
48 67 96 
8 71 42 
61 61 24 
83 79 76 
21 11 58 
21 63 0 
57 23 13 
26 72 15 
5 6 6 
24 97 30 
57 51 75 
7 24 20 
46 33 32 
89 72 20 
17 9 77 
47 21 6 
26 35 26 
0 26 55 
44 68 32 
39 84 55 
70 78 39 
57 39 0 
15 46 59 
51 39 11 
88 13 20 
33 56 21 
76 31 77 
92 21 34 
5 39 87 
14 10 85 
17 86 64 
56 33 23 
43 78 11 
88 93 22 
5 38 75 
31 16 92 
62 95 14 
28 81 11 
63 54 71 
83 4 70 
90 85 93 
2 48 78 
80 43 67 
11 10 46 
46 30 11 
45 62 55 
53 70 68 
38 0 21 
13 68 2 
56 87 49 
81 34 37 
40 15 74 
67 71 83 
69 26 83 
31 54 28 
86 80 35 
42 80 90 
77 44 58 
25 47 47 
1 9 74 
95 29 26 
93 56 60 
1 82 61 
9 69 18 
30 82 55 
1 1 81 
69 78 56 
86 48 37 
82 31 59 
23 55 22 
96 97 49 
21 75 80 
88 36 42 
82 86 73 
53 82 48 
89 39 26 
10 8 53 
81 45 23 
0 73 20 
80 51 53 
72 14 64 
87 25 66 
79 82 82 
16 46 69 
72 96 77 
72 85 68 
45 16 96 
73 89 22 
34 14 3 
33 66 63 
15 52 9 
33 78 37 
13 64 11 
67 41 58 
53 1 96 
66 85 83 
12 44 65 
97 37 83 
96 0 33 
69 22 35 
84 20 7 
14 71 61 
59 47 45 
82 78 44 
2 2 89 
34 84 48 
5 13 18 
95 26 10 
50 43 38 
33 2 67 
59 70 87 
12 67 60 
9 64 40 
74 3 16 
34 23 90 
47 42 23 
51 1 84 
91 51 65 
29 84 47 
52 26 36 
98 47 25 
15 43 27 
28 58 31 
37 62 89 
91 67 86 
86 4 29 
92 62 60 
35 68 40 
28 95 64 
31 77 82 
77 15 7 
24 89 16 
38 90 64 
93 89 27 
25 12 94 
41 17 78 
14 71 32 
44 86 92 
63 89 69 
85 96 39 
32 88 63 
44 23 16 
5 88 61 
72 40 3 
93 73 26 
87 39 63 
15 17 47 
7 64 80 
37 13 85 
7 50 93 
76 84 37 
28 96 94 
86 38 21 
80 67 96 
80 45 29 
91 59 33 
82 51 58 
53 9 2 
17 38 98 
71 1 33 
46 27 4 
86 53 14 
89 0 16 
73 78 51 
51 72 70 
5 2 26 
95 78 79 
30 72 7 
20 23 54 
20 76 25 
30 4 94 
24 23 8 
6 58 87 
33 43 71 
14 86 14 
23 47 76 
44 34 78 
33 18 37 
35 80 48 
26 70 61 
70 30 47 
46 23 75 
53 26 72 
3 90 66 
11 80 10 
76 20 82 
52 29 32 
32 12 18 
78 19 52 
78 87 31 
41 41 98 
55 39 62 
55 78 37 
40 88 84 
1 58 19 
93 56 19 
12 98 46 
22 78 91 
78 98 57 
65 12 70 
31 45 69 
84 12 44 
68 52 61 
11 50 2 
2 97 42 
60 83 33 
23 31 43 
91 36 43 
9 7 17 
14 36 72 
94 93 29 
34 84 34 
58 60 81 
43 37 50 
26 65 50 
97 98 58 
33 32 86 
54 5 48 
61 65 65 
81 48 95 
63 66 32 
33 45 66 
85 14 2 
47 74 2 
57 47 16 
62 28 19 
38 95 54 
19 55 48 
35 61 89 
47 27 57 
93 76 49 
65 83 58 
16 6 87 
61 9 23 
68 88 87 
94 4 49 
17 27 97 
3 29 62 
4 3 22 
90 46 2 
19 75 41 
97 53 7 
28 7 32 
85 38 66 
84 79 32 
44 84 50 
10 46 88 
95 10 73 
58 58 36 
79 56 82 
18 24 9 
62 97 56 
84 81 32 
26 30 70 
50 71 58 
43 21 28 
35 35 12 
20 82 76 
5 76 54 
79 74 75 
0 95 56 
58 88 57 
27 11 88 
83 23 23 
14 53 39 
15 48 96 
20 89 3 
65 62 55 
65 63 60 
71 74 0 
32 77 4 
87 26 59 
59 37 53 
60 77 4 
67 77 52 
16 52 62 
68 7 43 
16 75 43 
33 81 42 
49 61 19 
97 81 58 
88 86 30 
6 0 59 
89 46 84 
41 84 50 
95 12 79 
48 6 98 
71 43 30 
92 45 18 
71 5 50 
46 38 51 
20 77 17 
19 78 9 
95 47 65 
78 36 37 
72 19 32 
62 64 1 
67 24 73 
10 35 78 
37 32 71 
35 19 68 
0 41 92 
20 86 98 
2 30 38 
48 66 64 
32 46 46 
51 10 49 
21 47 97 
0 82 36 
82 50 93 
2 68 15 
37 47 83 
38 75 65 
9 36 71 
33 86 10 
20 85 36 
18 97 10 
74 97 78 
33 42 0 
59 33 13 
33 7 87 
28 36 78 
57 69 73 
22 67 80 
51 73 90 
76 85 22 
12 49 61 
42 3 8 
77 96 58 
20 5 79 
2 22 42 
39 29 83 
51 37 41 
13 52 35 
0 73 74 
79 62 44 
88 80 46 
29 61 14 
40 59 16 
80 79 10 
66 5 76 
56 64 43 
41 7 23 
48 39 77 
56 87 7 
90 1 32 
59 76 95 
8 14 57 
58 34 71 
77 29 63 
79 77 98 
86 82 65 
36 17 73 
70 31 41 
29 20 13 
42 3 18 
23 52 86 
20 12 54 
41 85 51 
8 36 61 
10 59 85 
93 15 30 
92 91 44 
16 14 51 
37 87 60 
11 10 43 
93 43 40 
33 94 78 
32 60 63 
82 95 27 
48 88 98 
93 21 57 
88 48 53 
94 34 77 
59 50 61 
83 64 40 
47 85 27 
8 9 57 
37 34 65 
76 15 22 
26 54 1 
68 44 36 
38 70 66 
22 71 62 
49 5 74 
38 91 62 
87 41 7 
68 48 89 
23 62 83 
10 78 44 
51 55 9 
42 73 43 
88 29 27 
3 98 75 
15 4 7 
28 48 24 
27 33 77 
19 19 87 
89 46 18 
34 48 60 
44 73 7 
96 32 28 
98 76 14 
73 70 94 
59 55 83 
29 73 40 
61 78 65 
3 77 35 
70 72 63 
72 86 20 
85 58 12 
17 62 32 
34 46 17 
88 13 19 
83 36 14 
82 29 65 
58 68 85 
12 94 54 
49 55 22 
21 15 75 
62 24 76 
39 20 55 
94 85 70 
96 88 75 
26 13 20 
92 59 32 
50 15 0 
51 50 4 
14 36 94 
43 25 80 
1 91 58 
36 68 66 
80 65 77 
17 31 31 
8 68 72 
41 74 11 
4 42 33 
61 81 64 
38 9 40 
7 22 47 
12 51 50 
88 91 32 
2 87 42 
32 38 58 
94 10 12 
21 25 89 
84 66 24 
15 39 17 
83 12 19 
51 34 37 
90 64 44 
18 27 81 
42 54 24 
1 50 84 
91 68 26 
28 47 72 
74 29 92 
40 5 98 
27 24 12 
46 31 98 
61 59 37 
84 63 59 
15 94 29 
15 76 57 
54 8 65 
21 18 85 
6 19 35 
93 44 80 
57 94 18 
42 24 77 
26 42 74 
81 54 42 
19 83 60 
57 63 60 
87 68 90 
89 37 56 
26 63 39 
91 63 13 
56 5 74 
11 1 86 
70 19 23 
50 82 86 
25 78 86 
16 48 68 
80 6 20 
53 11 10 
81 94 23 
98 13 37 
40 35 20 
31 44 60 
37 80 61 
28 33 1 
56 11 64 
59 82 54 
88 0 49 
84 6 27 
27 30 31 
15 22 49 
61 44 77 
77 59 94 
33 16 85 
92 1 70 
1 50 25 
9 72 33 
76 37 98 
68 86 87 
22 8 11 
55 89 69 
21 56 76 
84 4 10 
24 33 11 
87 85 9 
48 73 54 
78 80 35 
88 83 20 
16 49 34 
7 93 56 
20 17 62 
56 90 47 
19 3 5 
6 64 10 
79 55 91 
58 57 48 
95 11 24 
61 72 26 
71 33 60 
96 31 83 
48 75 86 
94 27 55 
50 54 34 
72 15 86 
72 96 34 
70 69 19 
42 69 36 
85 90 1 
72 54 82 
42 72 42 
64 84 91 
60 28 50 
55 88 14 
28 77 21 
0 40 31 
42 5 3 
12 19 32 
51 1 48 
53 16 5 
89 27 85 
47 79 95 
32 19 98 
46 94 49 
12 84 97 
66 56 30 
23 4 63 
76 60 95 
4 25 70 
19 39 85 
97 6 13 
72 75 19 
8 3 45 
53 94 92 
44 23 18 
21 36 10 
45 18 19 
22 12 65 
84 39 19 
30 46 90 
7 93 94 
16 77 95 
24 0 59 
73 7 41 
22 52 38 
10 58 26 
53 50 35 
63 89 54 
6 29 91 
97 42 57 
11 96 84 
65 51 33 
23 82 8 
15 85 30 
55 7 46 
37 62 28 
47 3 28 
74 42 62 
31 62 70 
20 2 30 
79 13 25 
39 93 75 
64 59 9 
77 56 51 
31 18 37 
46 91 93 
3 68 20 
80 1 81 
6 93 79 
14 26 71 
14 50 43 
76 92 81 
84 64 22 
21 72 19 
43 8 20 
37 24 17 
9 52 30 
11 81 17 
96 49 89 
61 23 25 
5 97 13 
31 37 51 
81 98 56 
95 38 0 
23 57 83 
27 31 79 
3 63 3 
48 53 68 
93 34 76 
20 77 88 
11 43 22 
27 20 2 
65 58 89 
89 77 29 
92 65 89 
35 59 71 
42 83 27 
73 86 76 
30 78 89 
24 71 64 
6 59 56 
32 8 59 
12 68 50 
37 25 1 
78 5 78 
47 40 80 
38 46 27 
26 44 54 
10 79 66 
25 46 20 
96 79 96 
13 10 0 
56 90 91 
59 36 2 
10 24 3 
10 7 75 
36 74 81 
74 73 39 
85 72 6 
46 76 74 
21 59 41 
16 22 10 
68 31 60 
24 36 70 
40 34 52 
93 8 86 
44 94 18 
56 34 38 
9 6 20 
40 17 0 
36 28 43 
64 68 5 
2 69 11 
94 94 1 
77 28 78 
56 74 14 
8 13 70 
33 88 6 
26 71 73 
34 44 86 
87 85 25 
79 34 68 
3 20 98 
83 25 17 
22 21 82 
53 51 86 
11 93 97 
39 69 90 
1 49 81 
71 80 50 
3 47 50 
17 97 30 
74 89 33 
96 62 46 
82 63 40 
90 64 1 
21 80 45 
89 33 91 
11 2 40 
89 98 5 
67 50 51 
85 2 84 
95 91 34 
40 7 77 
4 81 80 
88 4 19 
83 73 90 
97 13 35 
46 36 91 
47 33 6 
34 9 27 
60 84 67 
93 0 14 
31 72 98 
19 98 49 
37 35 22 
65 85 64 
48 23 25 
76 93 55 
88 3 81 
62 81 58 
44 72 93 
33 16 37 
69 47 98 
7 36 49 
2 68 9 
68 68 37 
47 15 13 
5 13 38 
4 43 94 
42 43 11 
95 38 24 
71 71 2 
0 16 98 
32 69 81 
84 3 86 
7 10 11 
47 9 55 
68 51 64 
92 33 74 
46 18 49 
23 68 81 
53 59 29 
34 68 88 
17 14 25 
43 89 11 
85 69 44 
62 13 9 
85 36 56 
98 83 77 
73 8 52 
18 11 36 
7 1 92 
52 40 97 
53 4 37 
94 13 34 
16 69 96 
12 14 96 
47 69 83 
86 63 46 
70 49 81 
14 88 27 
76 79 64 
35 43 52 
9 89 0 
15 95 65 
47 29 44 
67 47 58 
58 63 33 
78 19 45 
25 64 30 
79 50 24 
87 97 40 
92 3 51 
31 76 34 
12 66 81 
12 75 36 
5 36 60 
80 58 13 
18 15 13 
93 13 54 
49 48 81 
95 46 33 
39 71 90 
24 18 54 
25 7 47 
35 77 78 
67 89 98 
17 60 48 
3 43 50 
78 41 87 
10 42 53 
92 19 24 
24 50 66 
8 24 88 
24 12 49 
72 1 53 
20 69 7 
57 95 82 
37 88 53 
13 98 77 
45 90 80 
73 61 83 
52 30 39 
41 7 32 
88 12 38 
36 18 87 
18 8 79 
84 6 70 
9 32 82 
83 76 10 
16 20 86 
36 93 9 
42 23 92 
48 29 56 
53 81 54 
70 48 10 
48 25 57 
46 74 85 
8 60 43 
5 52 43 
45 22 37 
55 32 11 
45 23 60 
76 50 75 
39 5 54 
26 76 63 
94 50 37 
53 16 91 
21 42 91 
27 35 20 
21 65 66 
1 37 79 
89 73 13 
95 76 52 
56 73 57 
48 80 30 
93 84 32 
52 45 20 
98 19 30 
59 60 42 
51 70 68 
73 64 40 
81 64 49 
61 49 79 
42 44 18 
9 92 69 
45 74 19 
88 72 6 
48 25 64 
86 95 49 
59 34 1 
74 87 85 
38 6 53 
62 61 71 
57 95 17 
34 9 59 
47 37 70 
97 67 58 
90 46 23 
98 67 48 
51 57 86 
63 25 67 
98 33 25 
83 26 85 
50 59 25 
35 56 71 
76 42 85 
89 50 84 
43 60 20 
9 7 58 
27 70 37 
1 7 55 
42 41 13 
27 78 60 
4 97 8 
54 27 62 
73 40 72 
26 68 37 
78 26 7 
80 22 36 
89 65 58 
22 2 89 
25 79 32 
57 7 6 
51 12 22 
2 3 89 
2 43 27 
24 39 81 
97 78 8 
56 98 32 
23 12 58 
48 16 4 
34 0 55 
73 39 87 
6 1 1 
66 23 83 
34 4 25 
89 54 96 
92 70 3 
35 62 24 
26 26 65 
94 17 86 
29 60 77 
9 7 29 
78 13 93 
62 40 83 
92 56 25 
31 49 31 
48 1 73 
68 56 4 
81 48 91 
36 33 1 
5 93 62 
92 82 81 
40 55 64 
66 40 59 
44 44 36 
30 74 44 
85 74 96 
57 12 38 
16 76 71 
40 2 56 
90 8 59 
49 65 60 
53 76 5 
48 36 12 
47 19 62 
53 22 26 
66 70 30 
59 47 20 
56 29 15 
17 89 63 
18 77 97 
30 64 42 
82 58 68 
27 7 94 
61 35 36 
0 61 19 
68 45 22 
60 38 47 
84 83 32 
21 50 32 
6 34 98 
61 42 32 
21 76 45 
77 44 8 
74 58 20 
66 46 49 
29 14 75 
53 85 16 
9 34 73 
90 36 14 
9 46 86 
20 6 94 
54 70 81 
95 93 72 
23 66 19 
13 15 55 
68 14 91 
1 77 35 
29 84 26 
86 81 74 
94 60 46 
37 51 32 
33 88 33 
31 26 13 
1 30 28 
33 43 0 
64 45 61 
40 19 64 
81 87 3 
67 17 69 
28 95 32 
98 0 11 
60 4 42 
83 56 48 
84 79 4 
53 38 76 
22 68 18 
66 47 6 
92 65 84 
58 81 77 
85 98 22 
13 66 62 
98 32 47 
88 90 9 
65 75 22 
95 22 48 
76 83 88 
41 82 13 
72 66 93 
32 41 28 
97 74 66 
5 1 43 
82 66 54 
39 44 52 
9 56 36 
55 8 42 
4 97 51 
90 93 41 
63 68 6 
69 68 96 
69 53 98 
26 53 75 
83 85 80 
11 36 30 
84 2 44 
29 80 16 
98 97 17 
90 87 89 
36 63 11 
96 65 56 
39 33 5 
54 9 52 
22 77 40 
8 88 11 
52 71 36 
66 23 57 
28 95 20 
97 2 2 
75 48 26 
0 86 62 
30 92 2 
64 2 82 
78 16 77 
4 76 15 
80 66 50 
88 97 1 
45 59 37 
64 82 1 
5 8 29 
90 7 89 
90 12 18 
61 8 75 
94 62 31 
28 39 80 
96 37 91 
3 1 63 
75 31 52 
66 37 28 
40 24 36 
38 26 2 
53 0 6 
60 18 75 
5 64 47 
25 35 74 
30 5 17 
60 86 14 
6 25 38 
49 88 81 
69 20 51 
51 54 83 
46 98 87 
95 25 44 
64 59 6 
82 51 30 
17 55 51 
19 8 30 
20 57 59 
29 42 30 
13 69 90 
83 23 78 
43 93 6 
39 86 68 
7 44 73 
97 56 38 
18 82 15 
44 83 78 
41 67 97 
56 82 26 
68 63 13 
59 32 98 
58 96 51 
91 65 93 
7 80 91 
25 97 72 
41 38 49 
66 13 49 
38 6 18 
13 24 44 
74 96 9 
65 20 80 
92 90 89 
14 69 17 
61 86 45 
74 82 81 
84 44 49 
34 86 57 
41 92 62 
48 61 29 
43 77 94 
17 27 48 
51 91 60 
53 56 9 
48 41 45 
58 71 67 
4 86 15 
24 26 62 
10 81 35 
75 28 14 
97 21 68 
35 10 14 
95 70 43 
75 98 22 
19 17 78 
41 38 82 
25 89 27 
10 39 31 
23 48 55 
98 53 29 
36 13 43 
35 73 68 
88 47 16 
33 51 98 
36 25 84 
75 18 82 
31 61 72 
12 32 24 
88 83 11 
93 9 5 
72 32 30 
98 23 11 
94 57 60 
37 76 85 
16 57 4 
5 66 86 
66 41 26 
44 59 48 
18 15 43 
4 20 79 
4 50 19 
42 0 36 
33 34 85 
95 95 62 
91 30 1 
57 70 58 
24 93 24 
12 45 57 
29 6 23 
39 40 95 
5 7 9 
44 32 89 
2 85 23 
54 52 90 
11 67 76 
8 18 90 
15 19 85 
57 22 96 
96 67 89 
2 78 87 
54 62 2 
7 18 25 
82 13 77 
9 74 30 
10 14 41 
85 81 50 
42 33 3 
23 84 51 
71 42 10 
94 97 83 
29 70 46 
84 49 38 
53 41 37 
39 41 28 
59 89 91 
49 1 22 
43 24 53 
6 89 59 
95 6 41 
23 96 5 
57 80 33 
73 86 21 
71 34 28 
30 62 91 
36 61 95 
34 36 9 
27 14 65 
93 20 54 
52 49 31 
9 9 71 
88 88 93 
98 11 30 
28 27 62 
86 96 90 
57 50 33 
72 83 4 
60 82 33 
91 0 7 
46 47 41 
79 70 22 
41 19 82 
7 16 95 
55 24 9 
97 10 75 
14 70 22 
18 68 19 
71 15 4 
25 44 37 
53 93 71 
33 30 44 
25 89 83 
22 45 97 
2 28 88 
87 32 17 
9 0 5 
84 16 88 
80 80 63 
4 86 34 
54 64 48 
10 34 52 
95 46 83 
88 72 68 
24 28 9 
0 94 67 
37 94 97 
13 36 39 
71 61 19 
90 52 27 
90 73 17 
1 86 7 
81 10 51 
72 18 76 
48 51 62 
83 95 80 
29 33 49 
94 77 68 
35 48 57 
79 58 85 
64 52 94 
8 55 42 
70 61 90 
0 7 85 
3 73 89 
35 52 31 
77 21 49 
40 54 7 
12 52 49 
25 95 36 
96 53 60 
92 26 69 
58 40 87 
88 75 69 
75 84 34 
63 67 61 
26 55 30 
63 43 16 
8 78 24 
60 73 59 
73 81 98 
88 1 12 
60 17 55 
62 12 90 
82 42 67 
15 95 58 
7 80 47 
14 2 2 
3 27 93 
32 83 5 
7 23 6 
21 38 1 
84 59 22 
92 27 4 
9 14 45 
95 48 1 
68 11 38 
98 6 47 
22 23 65 
19 53 47 
0 38 66 
44 77 52 
98 15 85 
90 65 32 
16 45 74 
44 3 83 
91 79 68 
33 64 68 
27 70 69 
64 64 18 
16 95 71 
65 10 36 
18 4 33 
59 56 81 
31 3 16 
51 40 10 
3 38 79 
36 27 59 
24 62 87 
85 81 79 
21 37 65 
21 47 66 
77 49 60 
80 27 79 
32 17 48 
55 10 88 
33 83 1 
68 92 24 
78 40 45 
17 10 91 
1 10 37 
1 90 63 
35 47 20 
82 51 38 
6 92 51 
20 9 30 
19 51 96 
59 54 78 
48 45 19 
2 76 20 
61 6 14 
40 75 34 
84 76 65 
23 41 47 
80 18 84 
79 38 80 
86 88 21 
14 50 14 
5 93 0 
22 12 9 
40 39 84 
65 48 30 
92 97 47 
41 20 53 
71 43 64 
59 48 91 
31 80 47 
85 31 33 
96 64 73 
86 40 44 
38 88 89 
49 42 6 
37 44 9 
47 94 66 
31 0 79 
35 87 11 
29 41 61 
7 40 1 
95 66 85 
81 11 53 
37 77 91 
76 47 41 
98 32 73 
28 73 7 
81 2 53 
33 25 1 
9 52 45 
55 62 80 
34 12 28 
78 76 95 
90 73 91 
92 79 91 
83 90 58 
83 36 58 
40 30 67 
0 58 44 
53 90 92 
20 74 97 
45 74 56 
23 67 0 
86 15 97 
12 77 66 
66 31 52 
56 69 44 
56 64 60 
84 95 92 
83 28 24 
63 62 32 
10 70 72 
83 60 70 
42 81 82 
89 25 11 
75 66 47 
74 79 31 
79 11 26 
81 97 54 
45 38 20 
31 26 74 
40 43 48 
27 46 56 
7 97 2 
63 65 69 
59 83 82 
0 81 13 
84 74 97 
90 19 30 
3 96 72 
27 22 60 
28 38 93 
42 1 56 
58 50 51 
66 47 76 
63 14 83 
16 21 32 
51 11 4 
27 29 39 
94 56 84 
22 26 5 
56 85 23 
87 77 17 
41 67 22 
89 10 95 
16 0 51 
14 34 64 
2 18 77 
42 59 16 
10 40 35 
26 31 62 
70 21 43 
75 50 3 
60 40 25 
32 61 25 
74 57 24 
46 12 7 
15 4 68 
93 30 97 
39 93 50 
76 6 64 
98 61 81 
1 37 42 
22 48 26 
26 51 91 
43 31 52 
90 44 29 
81 29 46 
71 30 49 
47 85 66 
43 18 90 
95 15 17 
95 19 20 
92 76 58 
71 34 1 
29 40 43 
85 15 6 
13 68 93 
45 2 16 
10 88 1 
3 31 49 
63 96 58 
21 70 77 
2 11 19 
67 62 13 
85 34 83 
39 7 75 
53 72 3 
91 67 15 
83 54 50 
57 60 46 
22 21 20 
58 7 17 
13 69 10 
57 77 8 
60 55 14 
57 75 93 
10 32 29 
77 40 61 
33 9 66 
38 71 19 
63 75 92 
20 5 26 
27 87 38 
42 16 81 
60 16 31 
15 89 98 
89 68 41 
45 7 75 
29 2 53 
79 14 44 
88 79 5 
87 9 10 
55 62 45 
40 11 25 
19 61 80 
59 57 40 
33 84 74 
34 70 94 
11 76 89 
1 37 38 
93 81 17 
22 72 8 
29 70 56 
46 96 71 
13 13 49 
63 65 12 
80 28 61 
63 8 2 
27 74 29 
27 34 77 
31 60 56 
96 44 50 
23 58 68 
40 68 55 
43 42 63 
94 78 60 
76 51 43 
48 24 22 
1 95 83 
65 41 92 
60 74 9 
38 41 10 
43 37 15 
28 74 51 
69 27 77 
77 54 7 
78 59 21 
27 65 49 
45 17 93 
84 32 52 
49 89 85 
1 70 76 
2 38 31 
27 0 92 
31 62 29 
33 91 52 
14 62 33 
82 47 14 
28 1 1 
70 40 98 
73 19 56 
20 59 53 
62 63 50 
10 45 97 
93 29 42 
96 57 42 
9 0 1 
72 74 98 
21 46 44 
15 37 57 
82 77 55 
64 46 71 
3 38 75 
12 65 33 
90 1 84 
93 55 20 
98 82 58 
84 71 59 
84 32 59 
28 50 63 
48 79 45 
5 20 54 
77 26 68 
28 95 50 
80 83 49 
26 30 65 
93 12 32 
11 28 55 
41 93 49 
75 66 26 
90 69 75 
43 54 46 
80 58 24 
78 55 70 
63 30 45 
42 84 92 
11 68 66 
22 6 20 
17 38 3 
54 98 66 
29 97 42 
94 30 9 
17 57 37 
66 23 83 
26 33 18 
23 82 57 
77 53 41 
47 31 45 
0 48 9 
17 95 17 
27 84 95 
1 12 20 
78 57 97 
9 24 77 
57 60 69 
63 92 16 
44 78 88 
0 13 87 
71 89 83 
92 31 21 
19 87 27 
82 78 66 
69 86 23 
14 70 71 
91 67 15 
35 60 30 
76 33 49 
88 88 0 
0 11 93 
44 76 37 
81 59 49 
45 37 41 
42 71 36 
55 45 58 
11 19 75 
43 59 16 
63 81 77 
62 75 5 
43 42 40 
83 33 19 
58 64 18 
78 34 95 
24 52 54 
41 29 95 
81 35 39 
13 11 92 
88 69 76 
62 64 67 
77 87 53 
94 55 0 
87 68 95 
1 27 9 
7 84 29 
69 82 9 
65 3 82 
85 98 49 
63 67 15 
22 24 61 
43 18 90 
55 48 16 
43 42 76 
97 75 27 
4 28 78 
75 8 37 
40 9 93 
35 22 13 
74 16 53 
46 57 70 
62 73 22 
47 61 57 
30 88 59 
27 71 0 
7 87 97 
58 14 40 
72 15 44 
16 25 95 
1 53 30 
48 15 87 
87 48 7 
61 51 45 
71 21 81 
17 46 19 
21 86 61 
15 94 40 
75 53 33 
62 78 55 
16 95 72 
14 7 33 
31 15 32 
56 30 19 
84 62 93 
47 48 53 
84 80 57 
13 51 55 
96 73 51 
4 69 12 
49 81 73 
25 73 13 
13 5 35 
78 59 23 
45 53 37 
46 5 60 
23 13 8 
34 71 88 
41 18 79 
84 55 40 
13 39 8 
15 85 64 
80 65 88 
13 63 21 
45 62 17 
36 88 79 
12 70 16 
18 30 79 
31 24 44 
55 47 7 
60 30 94 
54 85 18 
72 40 55 
95 93 66 
87 5 31 
0 37 58 
76 27 62 
82 17 25 
63 14 80 
72 18 35 
8 64 54 
98 27 72 
57 15 48 
10 33 12 
50 59 66 
69 41 43 
44 32 75 
1 6 20 
23 47 3 
91 59 75 
64 87 10 
85 44 9 
36 14 96 
60 32 93 
84 58 81 
50 87 37 
42 16 13 
13 42 57 
73 57 59 
96 72 52 
27 70 29 
80 94 59 
53 15 35 
45 24 37 
7 88 61 
1 33 33 
75 92 56 
82 96 95 
95 36 13 
78 12 17 
56 72 54 
9 13 9 
98 90 22 
56 43 79 
33 87 42 
8 18 97 
15 63 7 
79 42 73 
34 9 57 
35 1 75 
83 47 56 
95 7 96 
92 57 8 
70 45 87 
86 66 41 
19 70 21 
1 38 46 
5 53 31 
33 44 98 
16 27 98 
72 81 28 
85 34 14 
76 66 13 
26 33 40 
96 81 16 
17 53 24 
76 93 64 
12 53 14 
98 5 65 
49 26 33 
18 65 29 
47 63 83 
64 14 83 
29 63 30 
89 98 75 
27 59 54 
29 73 72 
20 58 92 
29 42 80 
13 81 16 
69 83 27 
59 26 77 
13 87 47 
39 7 75 
64 48 53 
1 29 34 
17 51 31 
50 29 42 
72 14 10 
12 94 4 
38 43 96 
33 12 72 
4 96 4 
92 68 57 
28 92 45 
28 16 90 
50 22 21 
49 86 93 
22 92 68 
14 35 52 
5 44 18 
27 6 15 
80 75 0 
0 81 70 
22 86 30 
4 49 4 
24 83 16 
47 4 50 
85 29 33 
5 77 10 
76 17 73 
30 91 12 
40 64 69 
49 84 74 
62 90 48 
33 79 98 
88 98 6 
72 41 26 
39 17 11 
95 27 77 
5 24 22 
72 59 3 
53 58 22 
37 76 98 
3 98 94 
96 78 22 
65 73 14 
93 89 9 
3 95 90 
95 67 16 
67 19 48 
16 58 54 
21 90 34 
35 50 28 
92 50 51 
81 3 65 
25 41 81 
81 46 2 
64 20 58 
36 83 12 
61 12 76 
9 62 20 
21 62 5 
52 79 70 
3 76 25 
87 96 74 
29 2 2 
43 32 66 
28 27 53 
57 91 33 
78 26 85 
81 23 38 
1 83 81 
66 96 82 
16 29 51 
74 1 10 
48 93 27 
28 46 88 
66 91 27 
86 5 10 
19 78 7 
32 57 59 
60 29 20 
3 59 19 
86 93 10 
77 6 15 
65 31 91 
8 30 80 
35 13 11 
60 89 25 
23 28 18 
81 3 56 
94 72 2 
81 22 66 
23 97 9 
45 54 77 
89 60 85 
27 53 18 
38 30 43 
7 84 94 
77 59 66 
28 90 28 
2 47 15 
46 57 94 
32 51 1 
63 13 58 
74 15 6 
47 61 82 
12 18 13 
63 88 82 
66 67 5 
89 61 78 
4 33 4 
22 75 42 
64 36 67 
14 64 16 
79 83 55 
17 54 24 
81 30 7 
34 90 60 
9 1 27 
1 27 5 
97 58 2 
63 75 81 
23 71 66 
91 97 83 
21 35 1 
98 67 28 
9 73 46 
52 28 7 
92 78 61 
56 1 72 
21 28 41 
88 83 26 
50 64 21 
93 3 96 
90 61 8 
7 22 94 
83 6 79 
39 13 47 
68 53 6 
54 15 46 
23 45 6 
20 5 98 
17 90 43 
67 72 19 
47 89 48 
6 6 54 
52 29 16 
30 45 60 
81 11 79 
24 41 57 
7 54 26 
60 7 55 
24 47 83 
4 27 39 
32 84 86 
75 78 83 
77 88 48 
20 61 8 
84 54 53 
98 76 60 
86 31 40 
79 26 85 
93 86 48 
2 78 74 
8 87 83 
40 97 73 
80 58 61 
36 91 61 
52 76 47 
19 30 71 
72 25 16 
77 2 96 
55 70 23 
27 13 5 
16 69 2 
78 17 82 
59 59 12 
39 15 91 
42 32 6 
63 54 59 
42 44 21 
75 78 72 
22 96 90 
44 28 55 
71 48 22 
88 15 77 
45 95 23 
64 47 61 
9 67 87 
68 13 55 
43 36 3 
80 98 95 
54 36 93 
87 73 35 
70 94 26 
11 7 37 
40 97 58 
28 77 86 
19 97 79 
41 91 19 
55 65 89 
33 43 67 
58 58 9 
26 49 50 
96 70 46 
64 74 88 
60 41 85 
59 71 86 
44 90 68 
75 26 29 
29 49 87 
60 80 90 
35 15 11 
69 3 92 
12 9 95 
18 61 93 
66 32 24 
36 87 74 
83 33 91 
46 48 76 
59 53 75 
37 68 18 
98 80 36 
28 42 23 
20 23 42 
0 3 98 
34 97 48 
69 97 98 
56 33 85 
17 27 92 
72 63 47 
86 50 60 
10 92 20 
74 26 37 
66 24 96 
96 98 52 
75 82 64 
22 85 7 
49 87 84 
79 13 19 
40 11 18 
34 68 22 
6 61 90 
43 16 15 
92 24 21 
46 4 49 
62 87 92 
5 61 78 
94 21 19 
15 31 55 
51 57 31 
82 35 58 
95 86 82 
15 45 2 
79 11 41 
74 94 50 
62 14 29 
96 25 65 
26 72 67 
98 31 29 
76 66 69 
25 4 30 
83 75 32 
67 12 5 
62 79 47 
21 20 98 
80 27 12 
17 4 51 
56 80 15 
2 61 34 
83 44 82 
5 44 77 
62 22 57 
37 87 23 
90 40 28 
76 40 31 
18 16 52 
52 13 9 
81 70 69 
4 67 35 
37 50 43 
1 95 29 
27 68 37 
47 42 24 
55 21 29 
13 81 30 
90 97 13 
19 86 51 
7 79 51 
46 92 32 
84 41 15 
19 65 92 
48 91 4 
58 94 23 
64 95 56 
73 91 36 
65 58 0 
77 46 53 
64 63 65 
92 31 58 
46 50 46 
83 67 30 
12 52 78 
44 84 33 
4 84 72 
8 50 6 
92 36 59 
8 3 82 
67 5 20 
0 85 24 
12 15 94 
17 85 96 
38 64 23 
6 6 37 
18 33 27 
69 96 65 
48 31 12 
79 97 52 
40 59 95 
61 89 20 
23 72 69 
43 82 28 
83 11 12 
26 6 90 
74 89 45 
32 24 41 
84 80 79 
10 93 22 
3 66 46 
74 42 51 
6 88 75 
47 20 49 
79 56 41 
82 28 98 
13 76 35 
10 91 0 
81 42 75 
49 63 71 
7 94 28 
15 64 87 
38 94 26 
18 86 48 
23 57 29 
14 95 86 
73 30 3 
33 11 5 
96 51 89 
56 92 81 
41 79 3 
96 40 72 
39 47 91 
11 79 90 
15 12 67 
88 10 44 
56 54 96 
64 32 14 
72 72 57 
23 23 26 
36 88 56 
90 39 12 
91 31 39 
1 50 95 
14 13 27 
96 40 85 
91 90 96 
37 0 43 
52 2 30 
58 91 66 
38 97 64 
45 36 57 
34 8 89 
88 85 64 
74 55 72 
31 47 37 
88 50 41 
65 93 95 
71 7 74 
20 60 15 
28 60 79 
36 31 19 
7 75 71 
15 1 9 
88 75 21 
70 77 71 
9 28 21 
81 71 8 
8 97 82 
77 30 42 
79 97 2 
82 78 27 
48 58 32 
12 15 67 
42 9 96 
32 88 23 
98 69 88 
9 92 98 
30 83 31 
78 83 95 
20 71 54 
1 36 34 
9 18 78 
19 12 19 
43 83 10 
58 30 8 
31 87 41 
51 27 72 
83 79 15 
62 74 48 
35 22 28 
80 97 5 
54 66 23 
13 78 87 
78 32 76 
59 95 62 
97 7 31 
68 58 73 
82 33 86 
98 25 13 
94 49 95 
22 17 21 
66 73 77 
7 35 20 
85 22 21 
27 61 36 
69 74 30 
28 70 6 
90 57 34 
21 42 20 
29 68 67 
75 58 18 
25 32 52 
34 98 5 
55 20 22 
14 77 94 
48 50 67 
71 58 92 
1 87 97 
16 39 3 
69 15 60 
3 73 27 
94 14 12 
33 38 20 
97 10 53 
55 22 37 
79 2 87 
58 62 86 
87 34 3 
76 30 43 
32 10 4 
59 24 71 
68 53 43 
36 42 91 
41 55 49 
74 15 30 
0 64 93 
14 46 78 
68 47 92 
72 22 50 
33 44 10 
29 67 86 
40 35 56 
34 1 27 
28 20 25 
52 72 38 
91 37 20 
29 71 0 
94 7 26 
90 90 82 
48 42 42 
93 62 60 
88 0 54 
9 31 22 
95 55 41 
60 89 86 
45 84 35 
46 32 47 
85 20 90 
49 95 4 
82 13 84 
48 74 70 
27 89 65 
8 1 50 
16 93 62 
60 66 30 
71 58 66 
4 84 0 
36 72 81 
60 70 14 
9 71 62 
70 72 17 
77 66 66 
45 47 86 
69 79 71 
2 72 89 
90 76 16 
19 74 97 
30 40 81 
9 96 12 
77 98 11 
85 46 3 
15 18 21 
61 71 62 
58 67 42 
34 31 74 
25 84 11 
26 82 8 
46 23 80 
66 42 79 
18 33 22 
84 57 52 
32 6 47 
78 39 45 
27 35 48 
15 13 44 
4 95 46 
64 61 82 
7 60 46 
25 95 8 
63 76 75 
42 40 68 
11 56 62 
93 15 15 
23 87 96 
5 0 91 
26 21 64 
11 52 73 
7 49 27 
25 31 23 
11 77 50 
44 7 89 
55 25 67 
70 55 70 
39 1 34 
51 18 9 
3 63 67 
43 56 97 
94 28 59 
68 44 18 
44 29 61 
84 24 87 
98 47 72 
11 29 34 
7 37 68 
67 79 31 
50 26 38 
45 61 34 
86 28 93 
78 69 48 
59 27 94 
26 66 35 
78 34 94 
93 71 46 
17 30 37 
7 52 40 
94 73 22 
19 43 66 
85 61 95 
57 69 29 
95 32 34 
89 87 23 
38 90 39 
45 68 87 
53 67 18 
1 19 52 
62 15 39 
63 61 39 
12 86 22 
41 64 66 
32 40 84 
52 90 90 
47 71 40 
6 27 11 
31 95 11 
50 17 67 
76 73 30 
92 59 84 
63 92 0 
28 76 46 
45 3 89 
78 69 17 
4 7 23 
36 1 35 
82 36 83 
0 48 31 
15 56 20 
57 22 76 
48 22 89 
38 33 5 
58 83 37 
67 58 71 
46 81 19 
75 43 6 
13 90 57 
85 57 53 
60 40 59 
95 6 46 
94 59 17 
83 36 75 
4 33 36 
82 25 86 
66 49 43 
23 20 82 
81 86 22 
33 36 89 
97 48 94 
16 62 98 
72 54 79 
49 43 84 
4 3 88 
47 50 18 
8 32 26 
82 29 92 
39 1 34 
92 89 87 
67 79 89 
68 12 15 
8 44 52 
79 27 33 
2 23 61 
2 91 3 
53 36 46 
42 63 30 
74 41 84 
72 18 7 
65 25 89 
8 32 79 
93 60 87 
44 68 71 
49 4 30 
76 26 65 
96 97 92 
65 44 89 
27 61 30 
11 49 54 
88 20 22 
39 98 41 
68 61 25 
69 46 46 
5 93 46 
84 15 17 
66 5 3 
8 61 66 
6 69 89 
84 24 92 
30 26 36 
69 96 86 
13 52 33 
93 26 43 
10 57 73 
38 58 74 
21 3 51 
2 82 29 
49 11 84 
65 64 56 
66 14 72 
0 24 21 
2 40 91 
9 25 83 
62 29 93 
34 60 92 
84 55 72 
76 33 10 
90 98 88 
60 11 78 
58 17 69 
93 68 51 
66 64 50 
8 22 87 
27 68 54 
64 74 27 
0 11 43 
49 61 95 
0 4 18 
70 37 82 
43 13 73 
87 46 9 
34 41 72 
54 92 29 
13 37 59 
45 58 49 
65 31 73 
94 53 82 
97 55 11 
80 96 93 
46 7 75 
5 3 88 
12 9 90 
46 36 72 
1 22 59 
16 48 75 
17 95 67 
20 35 68 
67 73 78 
9 39 68 
16 63 93 
26 71 95 
46 77 58 
16 20 57 
3 86 13 
75 66 7 
32 98 61 
56 50 65 
81 27 69 
37 11 7 
55 42 88 
14 73 21 
79 51 3 
46 55 29 
89 10 41 
69 61 2 
1 24 45 
84 70 48 
23 97 45 
38 2 67 
33 18 13 
28 25 3 
75 28 36 
82 65 14 
8 96 29 
59 64 34 
91 68 91 
42 52 60 
76 12 0 
62 40 47 
43 42 71 
70 34 53 
20 98 17 
20 42 88 
58 94 53 
67 21 5 
52 96 18 
59 65 6 
51 52 55 
83 28 65 
5 84 88 
5 9 75 
15 2 63 
83 65 36 
96 63 31 
65 92 18 
56 3 13 
74 70 91 
62 93 18 
92 96 41 
85 7 16 
46 1 74 
68 20 88 
43 82 9 
98 38 44 
48 48 58 
42 70 97 
84 95 7 
68 3 57 
22 38 55 
62 42 31 
69 6 5 
95 86 73 
71 81 38 
29 95 9 
80 68 80 
3 64 94 
4 38 19 
65 25 96 
8 30 89 
64 28 55 
10 56 49 
41 30 55 
87 29 8 
6 56 49 
97 74 37 
26 48 86 
81 37 20 
39 25 89 
29 16 37 
60 15 5 
27 11 25 
59 81 16 
31 12 25 
72 18 49 
86 86 72 
28 17 85 
31 24 28 
47 70 65 
43 32 16 
8 2 82 
32 60 90 
27 37 42 
12 50 7 
47 57 27 
71 84 30 
39 33 14 
19 65 87 
54 33 53 
81 46 15 
98 87 57 
64 8 25 
61 42 42 
24 66 40 
19 56 69 
25 84 28 
67 95 19 
10 6 69 
51 37 35 
95 29 35 
68 61 76 
54 2 82 
55 96 74 
8 94 36 
33 39 43 
11 16 87 
45 90 98 
51 22 27 
98 90 28 
20 15 18 
0 33 15 
35 97 12 
84 23 87 
38 17 0 
46 58 17 
8 21 43 
40 87 7 
45 93 58 
82 36 15 
53 43 31 
71 95 10 
47 13 18 
30 94 92 
24 22 47 
37 16 22 
91 38 67 
55 89 81 
49 59 49 
43 90 20 
74 28 72 
86 44 74 
11 37 77 
13 72 46 
24 61 62 
25 41 39 
57 48 48 
57 43 23 
6 42 92 
51 54 6 
93 47 54 
55 35 69 
14 90 24 
96 27 92 
27 54 48 
8 8 45 
97 62 78 
84 95 68 
86 34 28 
17 21 59 
98 42 8 
59 38 51 
11 55 83 
23 29 17 
94 14 52 
80 3 71 
55 7 92 
78 3 8 
28 58 7 
44 92 35 
77 57 5 
48 64 86 
22 45 88 
65 62 7 
76 97 34 
18 61 19 
34 93 75 
43 54 81 
38 16 95 
44 50 16 
11 61 73 
58 91 75 
56 92 86 
49 57 53 
21 49 40 
91 84 77 
61 63 81 
81 33 23 
86 42 13 
27 34 89 
27 96 84 
31 5 17 
59 19 32 
63 35 64 
61 0 56 
49 78 26 
63 69 18 
6 76 71 
11 54 93 
91 12 86 
90 73 92 
68 80 60 
32 12 66 
62 15 92 
18 86 93 
68 43 49 
0 45 75 
83 21 18 
39 33 1 
35 46 83 
74 1 58 
79 36 14 
1 4 60 
35 79 23 
3 70 86 
76 38 47 
35 42 62 
60 0 9 
76 36 68 
89 85 45 
42 2 90 
78 83 29 
74 26 23 
90 83 33 
63 75 12 
85 70 19 
18 89 11 
29 22 50 
2 64 5 
7 58 96 
55 47 30 
93 67 57 
37 12 53 
96 43 18 
7 35 7 
95 83 7 
27 97 7 
56 59 28 
14 49 79 
25 39 23 
22 31 52 
88 85 28 
58 43 96 
4 98 12 
41 98 38 
75 96 26 
53 10 85 
38 56 78 
58 26 25 
5 27 53 
54 17 11 
85 8 80 
68 74 89 
72 60 12 
87 8 95 
61 84 90 
14 69 76 
6 55 40 
56 66 74 
4 26 90 
81 8 56 
75 54 56 
33 15 65 
72 27 59 
16 50 65 
68 16 19 
67 10 71 
53 60 12 
24 95 78 
72 42 60 
77 34 13 
81 67 30 
20 73 54 
21 36 96 
47 97 18 
41 76 87 
5 89 70 
6 8 9 
78 59 22 
80 63 93 
25 67 83 
45 44 50 
91 62 49 
52 19 14 
57 13 46 
90 76 55 
22 58 89 
5 23 0 
82 97 4 
96 73 37 
54 50 34 
93 97 88 
58 61 82 
54 37 63 
93 37 85 
89 65 65 
62 68 13 
66 16 36 
14 2 39 
62 71 55 
41 46 28 
73 93 46 
35 59 33 
53 54 89 
43 76 94 
13 68 21 
48 16 26 
22 62 82 
35 44 61 
24 45 91 
44 11 43 
80 64 50 
29 50 17 
57 79 47 
17 36 19 
91 7 35 
43 36 62 
78 60 40 
94 3 0 
42 70 77 
73 33 48 
4 46 56 
17 18 16 
58 67 7 
15 3 90 
17 56 36 
72 65 13 
4 89 86 
5 72 48 
81 24 73 
97 68 22 
14 17 14 
73 8 9 
33 71 41 
33 34 74 
95 81 49 
26 70 75 
36 1 98 
9 13 22 
77 24 96 
32 10 41 
67 24 68 
62 16 87 
40 15 44 
90 60 52 
27 44 39 
22 93 50 
64 24 69 
66 1 35 
84 12 38 
11 97 69 
12 20 61 
22 11 92 
88 78 85 
55 84 44 
80 32 87 
55 65 56 
50 61 57 
67 24 64 
53 2 43 
4 4 6 
0 64 67 
79 93 31 
92 9 9 
93 71 7 
44 10 74 
4 1 93 
70 88 69 
12 25 37 
80 72 42 
48 62 58 
82 1 16 
25 74 45 
58 31 59 
14 46 1 
17 65 34 
89 97 23 
17 59 87 
78 41 23 
91 98 20 
98 49 79 
40 50 70 
51 76 19 
46 84 26 
19 50 75 
47 9 57 
74 36 87 
86 21 1 
34 48 6 
12 39 39 
77 60 5 
78 52 19 
95 3 94 
8 13 14 
46 79 23 
81 34 70 
39 50 50 
43 95 17 
85 14 78 
9 24 68 
49 39 56 
19 87 78 
72 49 63 
72 18 10 
79 51 36 
44 80 24 
86 18 3 
73 76 0 
25 40 76 
22 9 77 
53 6 54 
4 18 33 
47 3 25 
97 48 83 
95 14 87 
61 92 54 
22 68 90 
21 67 94 
9 84 37 
38 30 43 
75 91 18 
75 82 55 
37 12 6 
13 42 68 
39 37 65 
37 12 1 
57 6 36 
71 91 68 
10 37 8 
73 15 87 
47 39 42 
42 69 81 
76 43 12 
97 81 61 
12 39 57 
48 15 88 
51 20 15 
96 86 35 
83 2 60 
38 59 6 
8 50 4 
90 7 18 
15 14 33 
16 35 52 
0 66 42 
63 88 93 
90 86 69 
62 18 28 
11 58 36 
57 94 24 
33 19 27 
21 36 74 
98 13 87 
21 47 20 
26 0 37 
66 54 14 
60 4 24 
19 24 17 
74 88 82 
50 63 85 
14 70 32 
27 26 51 
78 55 37 
10 74 52 
81 5 44 
69 15 75 
33 78 88 
63 25 50 
85 7 30 
32 43 89 
84 72 14 
12 40 77 
37 3 12 
5 43 55 
94 21 60 
27 42 98 
48 12 14 
49 88 32 
54 91 79 
27 23 57 
13 56 53 
43 31 20 
51 61 17 
45 30 11 
76 89 94 
21 33 32 
45 44 28 
75 17 49 
17 69 37 
97 98 52 
28 78 15 
69 93 4 
79 80 92 
87 94 49 
66 82 30 
20 29 48 
31 33 1 
95 50 64 
57 40 66 
64 22 89 
32 43 40 
38 41 51 
56 72 75 
51 33 71 
54 8 72 
17 41 87 
43 69 95 
51 46 49 
75 18 19 
13 26 18 
35 80 30 
84 91 16 
59 47 53 
40 22 38 
41 41 93 
17 76 69 
78 90 51 
34 56 67 
90 47 66 
91 43 82 
75 40 48 
66 70 79 
69 57 32 
40 97 85 
31 93 82 
3 23 72 
5 85 47 
58 93 6 
10 62 95 
78 96 79 
73 16 30 
87 33 20 
54 93 41 
79 82 78 
52 31 33 
94 12 94 
7 63 19 
70 92 87 
90 52 29 
11 92 39 
80 32 31 
15 42 19 
21 10 80 
67 29 80 
90 6 73 
41 98 24 
84 54 45 
40 31 83 
65 28 29 
51 36 33 
47 57 75 
50 65 64 
69 53 33 
59 14 78 
83 87 70 
68 90 94 
60 87 12 
16 17 13 
31 7 10 
35 46 35 
87 24 98 
3 81 14 
78 65 89 
67 53 32 
32 43 92 
16 74 47 
82 55 4 
24 60 57 
35 16 22 
22 6 9 
4 92 68 
46 0 72 
74 81 76 
25 82 86 
92 68 91 
11 59 98 
5 46 10 
85 13 35 
79 61 45 
67 78 93 
19 72 12 
62 77 50 
4 6 43 
7 12 40 
23 67 59 
89 36 49 
30 18 98 
3 73 28 
66 51 20 
63 39 7 
61 83 36 
76 39 80 
59 6 32 
41 4 39 
59 77 32 
22 86 26 
52 28 39 
98 15 37 
49 85 30 
67 58 83 
11 72 72 
80 84 73 
10 47 90 
50 60 23 
24 92 63 
89 41 22 
31 73 88 
17 59 36 
31 14 6 
40 24 47 
51 72 30 
50 89 37 
97 83 41 
47 25 30 
7 39 26 
36 95 76 
23 51 31 
57 87 26 
11 45 51 
35 13 85 
13 32 72 
80 41 22 
69 98 0 
44 30 69 
82 98 56 
7 28 63 
19 93 60 
90 60 73 
6 50 74 
9 95 93 
50 68 11 
84 55 14 
38 57 91 
32 39 97 
86 82 91 
14 72 51 
90 34 72 
56 74 21 
40 64 27 
44 62 83 
51 17 31 
52 74 23 
94 24 31 
27 86 76 
13 64 88 
74 88 57 
29 43 86 
91 22 75 
42 37 76 
40 48 6 
80 61 20 
3 45 17 
29 23 33 
16 80 31 
69 96 35 
5 20 24 
57 94 2 
68 86 66 
60 61 30 
44 44 43 
21 93 94 
81 55 3 
79 73 6 
40 12 28 
62 79 19 
7 41 44 
20 72 30 
59 20 92 
72 32 20 
46 2 50 
35 78 14 
50 85 89 
98 23 60 
61 45 53 
32 37 86 
23 45 46 
32 67 58 
45 7 56 
35 74 96 
85 66 0 
52 67 11 
84 64 96 
66 50 30 
98 45 11 
49 84 91 
82 74 19 
