2 4 2 8 
13 3 0 16 
8 7 3 18 
0 18 6 24 
21 0 11 32 
3 1 28 32 
0 21 13 34 
17 18 3 38 
31 4 5 40 
11 17 13 41 
14 17 10 41 
7 2 34 43 
1 24 19 44 
6 12 27 45 
2 33 11 46 
22 14 11 47 
4 29 16 49 
5 38 6 49 
34 16 0 50 
9 27 15 51 
15 29 9 53 
25 28 1 54 
18 10 26 54 
39 15 1 55 
48 0 8 56 
45 3 9 57 
33 7 18 58 
13 9 36 58 
23 34 1 58 
17 7 35 59 
29 15 15 59 
15 10 34 59 
21 27 11 59 
33 5 21 59 
23 11 25 59 
19 39 2 60 
10 42 8 60 
7 10 44 61 
33 3 25 61 
0 52 9 61 
43 5 14 62 
8 46 8 62 
9 48 5 62 
6 50 6 62 
27 12 24 63 
7 53 3 63 
4 12 47 63 
27 8 29 64 
38 19 7 64 
45 3 18 66 
33 21 13 67 
4 54 9 67 
2 2 63 67 
40 2 25 67 
12 12 44 68 
3 39 26 68 
0 4 64 68 
2 23 43 68 
63 0 6 69 
26 1 42 69 
9 26 34 69 
34 13 23 70 
56 4 11 71 
2 20 50 72 
33 23 16 72 
9 46 18 73 
2 59 12 73 
54 12 7 73 
2 16 56 74 
54 16 4 74 
5 28 41 74 
45 5 24 74 
51 18 5 74 
23 0 52 75 
10 21 44 75 
35 9 31 75 
3 59 14 76 
42 34 0 76 
6 10 60 76 
47 28 2 77 
14 57 6 77 
61 3 14 78 
54 13 11 78 
13 23 42 78 
9 42 27 78 
21 49 9 79 
31 26 22 79 
33 12 34 79 
2 32 46 80 
5 35 40 80 
49 4 28 81 
20 53 8 81 
37 36 8 81 
77 0 4 81 
24 50 7 81 
26 54 2 82 
34 18 30 82 
48 5 29 82 
15 62 6 83 
52 11 20 83 
11 54 18 83 
50 22 12 84 
29 21 34 84 
0 9 75 84 
22 32 30 84 
65 15 4 84 
30 35 20 85 
24 50 11 85 
12 5 68 85 
32 9 44 85 
37 35 13 85 
4 62 19 85 
67 15 3 85 
46 38 2 86 
53 10 23 86 
24 55 7 86 
60 6 20 86 
14 44 28 86 
6 19 61 86 
6 19 61 86 
29 47 10 86 
41 32 13 86 
3 36 48 87 
46 38 3 87 
11 54 23 88 
14 21 53 88 
3 51 34 88 
5 77 6 88 
58 21 9 88 
39 3 46 88 
20 30 39 89 
65 10 14 89 
5 77 8 90 
32 34 24 90 
9 52 29 90 
22 29 39 90 
18 18 54 90 
3 32 55 90 
6 76 8 90 
2 33 55 90 
9 9 73 91 
0 12 79 91 
20 38 33 91 
56 21 14 91 
32 57 3 92 
11 19 62 92 
1 9 82 92 
49 12 31 92 
7 67 18 92 
43 31 18 92 
29 50 14 93 
74 9 10 93 
58 34 1 93 
16 34 43 93 
26 13 54 93 
8 81 5 94 
47 23 24 94 
45 5 44 94 
19 48 27 94 
15 36 43 94 
48 23 23 94 
47 29 18 94 
4 81 9 94 
53 11 31 95 
66 11 18 95 
77 14 4 95 
33 54 8 95 
5 90 0 95 
50 37 9 96 
82 9 5 96 
35 48 13 96 
2 68 26 96 
14 60 22 96 
49 8 40 97 
50 42 5 97 
85 13 0 98 
24 73 1 98 
61 26 11 98 
20 12 66 98 
14 47 37 98 
11 39 48 98 
94 2 2 98 
7 71 21 99 
22 55 22 99 
46 52 1 99 
19 18 62 99 
49 43 7 99 
0 22 78 100 
15 26 59 100 
7 18 75 100 
21 6 73 100 
0 6 94 100 
49 26 26 101 
15 28 58 101 
70 11 20 101 
7 36 58 101 
7 22 72 101 
5 94 2 101 
70 26 6 102 
11 50 41 102 
74 4 24 102 
1 90 12 103 
16 86 1 103 
19 19 65 103 
38 65 0 103 
67 13 23 103 
2 46 55 103 
28 31 44 103 
35 41 27 103 
67 24 12 103 
8 56 39 103 
4 64 36 104 
20 45 39 104 
26 9 69 104 
1 76 27 104 
21 72 11 104 
64 1 39 104 
21 83 1 105 
61 13 31 105 
5 94 6 105 
19 75 11 105 
67 12 26 105 
42 33 30 105 
19 71 15 105 
6 94 5 105 
58 27 21 106 
42 45 19 106 
34 23 49 106 
13 30 63 106 
39 49 18 106 
12 41 54 107 
26 51 30 107 
10 52 45 107 
2 73 32 107 
4 38 65 107 
25 31 51 107 
8 96 3 107 
10 95 2 107 
0 58 50 108 
65 35 8 108 
20 88 0 108 
11 34 63 108 
56 10 42 108 
84 23 1 108 
46 3 60 109 
25 32 52 109 
82 3 24 109 
29 48 32 109 
83 18 8 109 
38 32 39 109 
72 31 6 109 
43 39 27 109 
22 7 80 109 
8 80 22 110 
44 25 41 110 
18 65 27 110 
24 0 86 110 
86 10 14 110 
34 4 72 110 
16 8 86 110 
45 33 32 110 
13 8 89 110 
68 37 6 111 
46 19 46 111 
11 14 86 111 
17 53 41 111 
82 21 8 111 
31 16 64 111 
14 31 66 111 
0 69 42 111 
38 3 70 111 
18 29 65 112 
59 38 15 112 
77 29 6 112 
14 28 70 112 
53 22 37 112 
1 66 46 113 
81 4 28 113 
22 49 42 113 
23 87 3 113 
29 81 3 113 
26 74 13 113 
71 0 42 113 
5 42 66 113 
17 45 51 113 
50 27 36 113 
57 44 13 114 
68 44 2 114 
26 19 69 114 
57 16 41 114 
25 66 23 114 
42 36 37 115 
4 16 95 115 
52 36 27 115 
1 60 54 115 
10 51 54 115 
89 1 25 115 
56 46 13 115 
25 21 69 115 
1 75 40 116 
75 23 18 116 
9 18 89 116 
76 17 23 116 
37 59 20 116 
16 13 87 116 
73 9 35 117 
12 31 74 117 
4 47 66 117 
39 10 68 117 
31 39 48 118 
45 61 12 118 
26 1 91 118 
58 52 8 118 
9 71 38 118 
44 17 57 118 
0 62 56 118 
88 13 17 118 
57 46 15 118 
55 16 48 119 
23 74 22 119 
8 62 49 119 
43 48 28 119 
31 55 33 119 
16 72 31 119 
37 24 58 119 
81 13 26 120 
13 92 15 120 
34 38 48 120 
44 7 69 120 
28 29 63 120 
8 53 59 120 
6 43 72 121 
26 72 23 121 
30 16 75 121 
14 25 82 121 
45 32 44 121 
43 22 57 122 
92 24 6 122 
10 76 36 122 
41 70 11 122 
7 41 74 122 
7 33 82 122 
8 46 68 122 
13 65 44 122 
82 9 31 122 
60 32 30 122 
14 76 32 122 
85 12 26 123 
7 63 53 123 
46 70 7 123 
83 38 2 123 
25 80 18 123 
66 17 40 123 
20 62 41 123 
57 49 17 123 
16 95 12 123 
71 32 21 124 
80 10 34 124 
98 15 11 124 
98 6 20 124 
93 13 18 124 
45 61 18 124 
4 59 61 124 
22 44 59 125 
75 17 33 125 
10 92 23 125 
8 25 92 125 
97 9 19 125 
39 41 45 125 
38 6 81 125 
97 28 0 125 
24 71 30 125 
7 90 28 125 
78 34 14 126 
41 25 60 126 
98 16 12 126 
76 33 17 126 
79 37 10 126 
30 47 49 126 
91 7 29 127 
48 19 60 127 
9 30 88 127 
2 91 34 127 
46 78 3 127 
71 32 25 128 
70 6 52 128 
83 24 21 128 
25 45 58 128 
44 7 77 128 
16 45 67 128 
12 79 37 128 
12 73 44 129 
34 63 32 129 
37 64 28 129 
11 45 73 129 
95 12 22 129 
60 10 59 129 
41 33 56 130 
37 78 15 130 
83 5 42 130 
64 1 66 131 
21 44 66 131 
68 22 41 131 
43 4 84 131 
82 39 10 131 
85 33 13 131 
48 33 50 131 
17 46 69 132 
50 2 80 132 
3 31 98 132 
7 52 74 133 
56 33 44 133 
8 72 53 133 
58 75 0 133 
1 63 69 133 
57 26 50 133 
75 19 39 133 
41 69 24 134 
56 33 45 134 
22 20 93 135 
16 96 23 135 
62 6 67 135 
21 53 61 135 
55 79 1 135 
86 5 44 135 
62 1 73 136 
66 55 15 136 
48 4 84 136 
80 12 44 136 
32 42 62 136 
3 79 54 136 
73 47 16 136 
22 31 83 136 
18 27 92 137 
46 24 67 137 
90 21 26 137 
26 58 53 137 
45 40 52 137 
70 64 3 137 
21 55 62 138 
21 57 60 138 
55 51 32 138 
47 31 60 138 
10 87 41 138 
73 2 63 138 
41 28 69 138 
97 14 27 138 
12 40 86 138 
30 23 85 138 
53 3 82 138 
56 33 50 139 
26 21 92 139 
28 59 52 139 
4 45 90 139 
47 40 52 139 
61 60 18 139 
97 36 7 140 
72 0 68 140 
48 11 81 140 
34 27 79 140 
27 31 82 140 
79 20 41 140 
63 61 16 140 
23 25 92 140 
93 4 44 141 
96 3 42 141 
21 34 86 141 
39 33 69 141 
22 60 59 141 
62 25 54 141 
8 70 63 141 
21 97 23 141 
26 17 98 141 
48 0 93 141 
71 39 31 141 
65 16 60 141 
35 75 31 141 
42 88 12 142 
18 56 68 142 
44 98 0 142 
48 77 17 142 
14 68 60 142 
28 43 71 142 
47 93 3 143 
37 13 93 143 
42 35 66 143 
43 11 89 143 
90 19 34 143 
49 80 14 143 
52 16 75 143 
59 2 82 143 
56 28 59 143 
41 47 55 143 
45 38 60 143 
43 37 63 143 
52 9 82 143 
25 20 98 143 
56 35 53 144 
56 71 17 144 
39 12 93 144 
54 81 9 144 
30 80 34 144 
57 65 22 144 
23 66 56 145 
69 0 76 145 
11 48 86 145 
43 58 44 145 
41 13 92 146 
52 92 2 146 
63 25 58 146 
35 15 96 146 
53 76 17 146 
93 16 37 146 
72 3 71 146 
24 48 74 146 
26 67 53 146 
37 56 53 146 
1 93 52 146 
86 56 4 146 
87 5 54 146 
8 54 85 147 
36 35 76 147 
49 34 64 147 
42 32 73 147 
55 34 58 147 
75 17 55 147 
92 6 49 147 
89 12 47 148 
65 12 71 148 
74 9 65 148 
25 90 33 148 
31 88 29 148 
34 29 85 148 
20 88 40 148 
0 93 55 148 
57 43 48 148 
19 76 53 148 
95 45 9 149 
67 8 74 149 
20 70 59 149 
29 73 47 149 
72 40 37 149 
17 72 60 149 
44 30 75 149 
58 85 6 149 
82 33 34 149 
74 49 26 149 
22 81 47 150 
70 52 28 150 
39 57 54 150 
33 88 29 150 
8 69 73 150 
16 88 46 150 
89 9 53 151 
78 3 70 151 
29 88 34 151 
50 13 88 151 
47 50 54 151 
79 47 25 151 
63 69 19 151 
70 45 36 151 
4 53 94 151 
62 15 75 152 
62 0 90 152 
76 15 61 152 
68 13 71 152 
87 27 38 152 
31 93 28 152 
93 22 37 152 
31 97 25 153 
73 63 17 153 
38 85 30 153 
28 33 92 153 
73 49 31 153 
96 15 42 153 
87 65 2 154 
28 30 96 154 
25 44 85 154 
58 38 58 154 
38 54 62 154 
86 60 8 154 
63 16 76 155 
79 74 2 155 
43 18 94 155 
77 23 55 155 
20 60 75 155 
85 26 44 155 
36 63 56 155 
42 66 47 155 
40 55 60 155 
48 28 79 155 
36 52 67 155 
34 70 51 155 
41 25 90 156 
71 1 84 156 
68 87 1 156 
11 72 73 156 
31 57 68 156 
56 77 23 156 
25 82 49 156 
82 16 59 157 
30 72 55 157 
74 45 38 157 
11 73 73 157 
59 40 59 158 
38 25 95 158 
51 46 61 158 
71 19 68 158 
60 95 3 158 
65 50 43 158 
39 90 29 158 
65 76 17 158 
65 73 20 158 
85 46 27 158 
81 42 35 158 
61 32 66 159 
48 71 40 159 
2 79 78 159 
59 47 53 159 
14 53 92 159 
63 22 74 159 
20 88 51 159 
80 50 29 159 
48 15 97 160 
22 40 98 160 
93 18 49 160 
35 54 71 160 
89 34 37 160 
61 40 59 160 
75 24 61 160 
89 41 30 160 
38 79 44 161 
14 78 69 161 
83 25 53 161 
75 34 52 161 
57 74 30 161 
68 26 67 161 
76 3 82 161 
63 7 91 161 
53 14 95 162 
40 64 58 162 
79 22 61 162 
83 47 32 162 
28 37 97 162 
77 5 80 162 
44 27 91 162 
94 51 17 162 
27 49 86 162 
52 92 18 162 
50 88 24 162 
0 64 98 162 
56 75 32 163 
83 69 11 163 
48 80 35 163 
68 45 50 163 
47 95 21 163 
54 33 76 163 
68 34 61 163 
45 59 59 163 
93 12 58 163 
63 9 92 164 
18 57 89 164 
62 14 88 164 
30 45 89 164 
58 51 55 164 
14 78 73 165 
83 56 26 165 
24 83 58 165 
12 87 66 165 
69 10 86 165 
42 98 25 165 
72 4 89 165 
67 55 43 165 
42 49 75 166 
59 24 83 166 
38 74 54 166 
62 73 32 167 
57 58 52 167 
94 6 67 167 
1 68 98 167 
96 2 69 167 
32 89 46 167 
71 51 46 168 
84 54 30 168 
29 95 44 168 
66 45 57 168 
88 27 54 169 
80 60 29 169 
45 93 31 169 
20 55 94 169 
68 68 33 169 
58 64 48 170 
62 87 21 170 
23 72 75 170 
48 57 65 170 
60 68 42 170 
68 46 56 170 
60 79 31 170 
50 62 59 171 
63 95 13 171 
24 55 92 171 
21 64 86 171 
14 59 98 171 
65 58 48 171 
88 81 2 171 
32 54 85 171 
80 38 54 172 
63 89 20 172 
56 95 21 172 
5 84 83 172 
86 14 72 172 
40 80 52 172 
78 67 27 172 
39 55 78 172 
40 53 80 173 
93 41 39 173 
74 66 33 173 
32 72 69 173 
53 31 89 173 
81 38 54 173 
54 90 29 173 
60 55 59 174 
60 92 22 174 
94 75 5 174 
11 87 76 174 
12 92 70 174 
60 50 65 175 
92 67 16 175 
16 64 95 175 
87 10 78 175 
84 44 47 175 
96 47 32 175 
88 15 73 176 
70 22 84 176 
26 74 76 176 
94 60 22 176 
76 52 48 176 
86 69 22 177 
66 27 84 177 
73 85 19 177 
77 92 8 177 
67 84 26 177 
62 67 49 178 
54 30 94 178 
57 50 71 178 
46 70 62 178 
88 91 0 179 
51 77 51 179 
25 66 88 179 
92 64 23 179 
87 82 10 179 
7 77 95 179 
96 29 54 179 
81 79 19 179 
60 86 34 180 
85 37 58 180 
26 63 91 180 
62 25 93 180 
80 23 77 180 
83 21 76 180 
88 12 80 180 
95 66 20 181 
16 87 78 181 
26 67 88 181 
4 80 97 181 
88 35 58 181 
57 71 54 182 
54 69 59 182 
38 86 58 182 
75 94 14 183 
88 31 64 183 
27 76 80 183 
46 71 66 183 
79 15 89 183 
60 86 38 184 
72 93 19 184 
81 26 77 184 
66 67 51 184 
93 38 53 184 
6 95 83 184 
53 98 33 184 
89 31 65 185 
13 77 95 185 
83 29 73 185 
4 89 93 186 
35 75 76 186 
88 26 72 186 
82 93 11 186 
77 69 40 186 
77 16 94 187 
71 20 96 187 
54 40 93 187 
36 56 95 187 
57 77 53 187 
31 67 89 187 
46 54 88 188 
90 90 8 188 
49 89 50 188 
71 79 38 188 
6 98 85 189 
25 71 93 189 
74 31 84 189 
94 42 54 190 
87 9 94 190 
63 64 63 190 
73 50 67 190 
26 96 68 190 
84 11 95 190 
65 98 28 191 
50 85 56 191 
91 16 84 191 
62 33 97 192 
77 85 30 192 
82 93 17 192 
74 38 81 193 
87 73 33 193 
31 97 65 193 
76 74 43 193 
31 75 87 193 
81 74 38 193 
97 45 51 193 
84 59 50 193 
41 98 55 194 
87 12 95 194 
90 77 27 194 
52 92 50 194 
79 68 47 194 
90 43 61 194 
66 97 32 195 
68 33 94 195 
91 47 57 195 
70 46 80 196 
21 92 83 196 
62 86 48 196 
39 81 76 196 
4 96 97 197 
75 79 43 197 
60 45 92 197 
91 73 33 197 
51 52 94 197 
63 40 95 198 
73 44 81 198 
83 71 44 198 
59 54 85 198 
29 86 83 198 
58 77 63 198 
67 79 52 198 
30 91 78 199 
62 54 83 199 
86 64 49 199 
94 23 82 199 
35 94 71 200 
75 40 85 200 
71 68 61 200 
52 58 90 200 
92 81 27 200 
45 90 65 200 
70 95 36 201 
48 83 70 201 
86 79 37 202 
36 70 96 202 
25 88 89 202 
35 86 81 202 
67 60 76 203 
97 16 90 203 
48 82 73 203 
12 93 98 203 
34 87 82 203 
79 67 57 203 
89 76 38 203 
45 85 73 203 
55 97 51 203 
83 46 74 203 
94 28 82 204 
91 55 58 204 
97 79 28 204 
58 73 73 204 
68 83 53 204 
58 91 55 204 
49 69 87 205 
35 91 79 205 
78 91 37 206 
66 95 45 206 
69 48 89 206 
52 86 68 206 
71 48 87 206 
92 44 70 206 
27 96 84 207 
98 26 83 207 
64 57 86 207 
95 92 20 207 
68 54 85 207 
65 77 65 207 
91 64 52 207 
54 83 71 208 
95 89 24 208 
68 49 92 209 
98 51 60 209 
61 75 73 209 
42 82 85 209 
66 45 98 209 
94 25 91 210 
69 63 78 210 
30 93 87 210 
72 48 91 211 
55 92 64 211 
71 73 67 211 
89 86 36 211 
69 54 88 211 
92 70 50 212 
44 72 96 212 
62 58 92 212 
65 97 50 212 
84 69 59 212 
84 94 35 213 
98 48 67 213 
95 44 75 214 
74 57 83 214 
63 98 53 214 
95 72 47 214 
90 56 69 215 
74 76 65 215 
46 88 81 215 
61 60 94 215 
84 40 91 215 
41 85 90 216 
49 73 95 217 
92 27 98 217 
26 96 96 218 
84 93 42 219 
89 58 72 219 
97 24 98 219 
61 69 90 220 
98 74 48 220 
24 98 98 220 
61 97 62 220 
84 94 43 221 
58 70 94 222 
69 95 58 222 
55 80 87 222 
78 73 71 222 
67 86 70 223 
76 51 96 223 
92 73 59 224 
91 81 52 224 
50 80 95 225 
62 91 74 227 
97 76 54 227 
65 68 94 227 
54 82 91 227 
40 95 92 227 
83 84 61 228 
47 96 85 228 
45 91 92 228 
83 48 98 229 
75 81 74 230 
90 87 53 230 
69 75 87 231 
82 76 73 231 
72 72 87 231 
91 91 51 233 
77 77 79 233 
73 94 66 233 
93 62 79 234 
72 82 80 234 
49 91 94 234 
93 60 85 238 
80 63 96 239 
69 79 92 240 
81 90 69 240 
76 98 66 240 
84 89 68 241 
76 86 79 241 
98 98 47 243 
62 93 88 243 
85 82 76 243 
96 50 97 243 
72 74 98 244 
91 88 65 244 
70 89 86 245 
98 50 97 245 
79 93 74 246 
82 85 82 249 
97 59 94 250 
96 58 97 251 
91 90 71 252 
96 79 78 253 
96 95 66 257 
87 88 83 258 
76 94 89 259 
84 97 78 259 
87 74 98 259 
96 79 85 260 
88 80 95 263 
84 90 89 263 
97 86 81 264 
90 91 85 266 
87 94 85 266 
88 97 83 268 
89 95 98 282 
Time taken to sort the array is :0.004514932632446289