6 1 1 8 
9 0 1 10 
9 0 5 14 
4 4 6 14 
5 6 6 17 
14 2 2 18 
5 7 9 21 
0 4 18 22 
1 16 6 23 
1 4 18 23 
13 10 0 23 
6 8 9 23 
6 10 9 25 
15 1 9 25 
15 4 7 26 
3 16 8 27 
11 14 2 27 
19 3 5 27 
1 6 20 27 
16 11 1 28 
7 10 11 28 
5 23 0 28 
4 3 22 29 
1 28 1 30 
28 1 1 30 
9 13 9 31 
2 11 19 32 
5 2 26 33 
9 7 17 33 
1 12 20 33 
29 2 2 33 
1 27 5 33 
6 11 17 34 
24 5 5 34 
4 7 23 34 
9 6 20 35 
8 13 14 35 
22 14 0 36 
5 13 18 36 
7 23 6 36 
26 2 9 37 
10 24 3 37 
1 27 9 37 
9 1 27 37 
22 6 9 37 
2 27 10 39 
13 21 5 39 
8 20 12 40 
10 9 22 41 
22 8 11 41 
4 33 4 41 
1 39 2 42 
7 26 9 42 
12 6 24 42 
5 8 29 42 
29 2 12 43 
27 8 8 43 
24 19 0 43 
22 12 9 43 
12 18 13 43 
23 13 8 44 
6 27 11 44 
9 13 22 44 
1 23 21 45 
15 5 25 45 
9 7 29 45 
27 13 5 45 
0 24 21 45 
14 17 14 45 
18 24 4 46 
7 39 0 46 
26 2 18 46 
9 33 4 46 
18 15 13 46 
32 10 4 46 
16 17 13 46 
30 6 11 47 
4 26 18 48 
12 16 20 48 
16 22 10 48 
1 10 37 48 
7 40 1 48 
22 6 20 48 
27 6 15 48 
0 33 15 48 
31 7 10 48 
12 7 30 49 
27 20 2 49 
5 1 43 49 
6 6 37 49 
33 11 5 49 
7 35 7 49 
5 20 24 49 
1 0 49 50 
42 5 3 50 
7 18 25 50 
31 3 16 50 
19 12 19 50 
37 12 1 50 
8 21 22 51 
7 24 20 51 
34 14 3 51 
18 24 9 51 
20 5 26 51 
5 24 22 51 
17 18 16 51 
31 14 6 51 
7 3 42 52 
20 2 30 52 
30 5 17 52 
37 3 12 52 
21 12 20 53 
42 3 8 53 
11 2 40 53 
22 26 5 53 
13 5 35 53 
20 15 18 53 
31 5 17 53 
4 6 43 53 
18 27 9 54 
18 5 31 54 
19 32 3 54 
14 7 33 54 
14 13 27 54 
15 18 21 54 
0 11 43 54 
24 23 8 55 
18 4 33 55 
10 33 12 55 
11 7 37 55 
37 11 7 55 
38 17 0 55 
14 2 39 55 
4 18 33 55 
37 12 6 55 
10 37 8 55 
12 15 29 56 
10 14 32 56 
33 12 11 56 
8 3 45 56 
5 13 38 56 
17 14 25 56 
28 25 3 56 
7 45 5 57 
2 22 33 57 
40 17 0 57 
19 8 30 57 
0 48 9 57 
4 49 4 57 
21 35 1 57 
13 26 18 57 
18 38 2 58 
44 3 11 58 
1 46 11 58 
33 24 1 58 
29 6 23 58 
17 38 3 58 
9 28 21 58 
16 39 3 58 
38 0 21 59 
26 13 20 59 
1 30 28 59 
53 0 6 59 
35 10 14 59 
20 9 30 59 
33 25 1 59 
35 13 11 59 
25 4 30 59 
8 1 50 59 
7 12 40 59 
8 19 33 60 
6 19 35 60 
21 38 1 60 
13 39 8 60 
22 17 21 60 
19 24 17 60 
24 28 9 61 
35 15 11 61 
4 38 19 61 
8 8 45 61 
14 46 1 61 
5 46 10 61 
18 22 22 62 
0 44 18 62 
32 12 18 62 
29 20 13 62 
28 33 1 62 
38 6 18 62 
15 45 2 62 
7 35 20 62 
34 1 27 62 
9 31 22 62 
8 50 4 62 
15 14 33 62 
0 44 19 63 
1 53 9 63 
11 50 2 63 
42 3 18 63 
27 24 12 63 
12 19 32 63 
37 25 1 63 
1 7 55 63 
34 4 25 63 
45 2 16 63 
22 21 20 63 
27 11 25 63 
26 0 37 63 
15 39 10 64 
38 17 9 64 
31 22 11 64 
53 9 2 64 
11 10 43 64 
1 29 34 64 
2 47 15 64 
8 50 6 64 
33 18 13 64 
1 53 11 65 
1 50 14 65 
58 1 6 65 
6 0 59 65 
50 15 0 65 
18 11 36 65 
10 14 41 65 
46 12 7 65 
1 4 60 65 
31 33 1 65 
3 45 17 65 
55 7 4 66 
5 30 31 66 
2 22 42 66 
38 26 2 66 
51 11 4 66 
6 6 54 66 
8 32 26 66 
7 47 13 67 
14 19 34 67 
11 10 46 67 
28 7 32 67 
21 36 10 67 
3 1 63 67 
16 0 51 67 
1 33 33 67 
5 44 18 67 
39 17 11 67 
54 13 1 68 
24 33 11 68 
48 16 4 68 
12 32 24 68 
9 14 45 68 
31 12 25 68 
3 63 3 69 
6 25 38 69 
16 21 32 69 
23 28 18 69 
40 11 18 69 
12 50 7 69 
23 29 17 69 
60 0 9 69 
5 20 45 70 
10 0 60 70 
11 51 8 70 
20 25 25 70 
2 30 38 70 
34 9 27 70 
57 7 6 70 
36 33 1 70 
31 26 13 70 
35 22 13 70 
4 27 39 70 
1 24 45 70 
28 29 14 71 
10 8 53 71 
41 7 23 71 
15 39 17 71 
0 40 31 71 
43 8 20 71 
10 32 29 71 
2 38 31 71 
42 16 13 71 
1 36 34 71 
2 64 5 71 
50 6 16 72 
22 38 12 72 
2 43 27 72 
49 1 22 72 
17 4 51 72 
23 23 26 72 
15 13 44 72 
1 19 52 72 
36 1 35 72 
56 3 13 72 
8 21 43 72 
17 36 19 72 
7 39 26 72 
1 20 52 73 
0 6 67 73 
26 6 41 73 
4 50 19 73 
63 8 2 73 
23 47 3 73 
28 20 25 73 
18 33 22 73 
4 33 36 73 
39 33 1 73 
35 16 22 73 
5 15 54 74 
27 41 6 74 
47 21 6 74 
8 9 57 74 
53 11 10 74 
53 16 5 74 
9 7 58 74 
34 12 28 74 
23 45 6 74 
43 16 15 74 
52 13 9 74 
39 1 34 74 
11 29 34 74 
39 1 34 74 
66 5 3 74 
12 25 37 74 
48 12 14 74 
33 42 0 75 
47 15 13 75 
13 13 49 75 
21 3 51 75 
37 16 22 75 
47 3 25 75 
29 30 17 76 
49 22 5 76 
20 52 4 76 
13 29 34 76 
15 52 9 76 
7 22 47 76 
1 50 25 76 
11 43 22 76 
33 43 0 76 
18 15 43 76 
40 11 25 76 
1 37 38 76 
38 33 5 76 
15 42 19 76 
6 64 7 77 
0 69 8 77 
46 23 8 77 
46 27 4 77 
11 36 30 77 
39 33 5 77 
16 57 4 77 
26 33 18 77 
22 17 39 78 
38 28 12 78 
21 7 50 78 
1 58 19 78 
47 3 28 78 
37 24 17 78 
42 0 36 78 
42 33 3 78 
14 50 14 78 
31 15 32 78 
18 33 27 78 
51 18 9 78 
47 13 18 78 
8 56 15 79 
15 17 47 79 
8 14 57 79 
17 31 31 79 
4 42 33 79 
2 68 9 79 
25 7 47 79 
34 36 9 79 
5 20 54 79 
12 53 14 79 
25 31 23 79 
0 48 31 79 
33 19 27 79 
73 2 5 80 
11 15 54 80 
25 9 46 80 
10 55 15 80 
69 2 9 80 
5 54 21 80 
9 50 21 80 
46 34 0 80 
6 64 10 80 
41 7 32 80 
0 61 19 80 
10 39 31 80 
1 37 42 80 
42 32 6 80 
37 0 43 80 
15 2 63 80 
69 6 5 80 
60 15 5 80 
40 12 28 80 
46 33 2 81 
46 15 20 81 
0 26 55 81 
16 14 51 81 
26 54 1 81 
13 24 44 81 
61 6 14 81 
3 59 19 81 
4 74 4 82 
11 68 3 82 
27 55 0 82 
35 35 12 82 
45 18 19 82 
2 69 11 82 
27 35 20 82 
58 7 17 82 
17 46 19 82 
43 36 3 82 
1 22 59 82 
29 16 37 82 
54 17 11 82 
8 29 46 83 
46 36 1 83 
45 10 28 83 
2 46 35 83 
28 13 42 83 
13 68 2 83 
1 1 81 83 
44 23 16 83 
24 0 59 83 
13 15 55 83 
3 31 49 83 
21 42 20 83 
7 49 27 83 
49 4 30 83 
31 24 28 83 
32 10 41 83 
9 43 32 84 
4 21 59 84 
21 63 0 84 
1 9 74 84 
62 13 9 84 
29 2 53 84 
1 53 30 84 
32 51 1 84 
67 12 5 84 
52 2 30 84 
17 30 37 84 
41 4 39 84 
2 0 83 85 
0 66 19 85 
54 20 11 85 
15 20 50 85 
0 12 73 85 
0 40 45 85 
38 9 38 85 
15 43 27 85 
2 68 15 85 
44 23 18 85 
24 12 49 85 
51 12 22 85 
10 40 35 85 
4 69 12 85 
15 63 7 85 
1 38 46 85 
74 1 10 85 
20 23 42 85 
35 22 28 85 
32 6 47 85 
10 6 69 85 
5 27 53 85 
52 19 14 85 
29 23 33 85 
0 6 80 86 
41 39 6 86 
57 18 11 86 
20 12 54 86 
15 22 49 86 
31 18 37 86 
47 33 6 86 
33 16 37 86 
18 16 52 86 
36 31 19 86 
2 23 61 86 
39 33 14 86 
51 20 15 86 
45 30 11 86 
21 33 32 86 
26 35 26 87 
46 30 11 87 
38 9 40 87 
15 4 68 87 
52 28 7 87 
7 54 26 87 
16 69 2 87 
33 44 10 87 
25 39 23 87 
37 27 24 88 
28 12 48 88 
14 23 51 88 
13 64 11 88 
33 18 37 88 
27 30 31 88 
55 24 9 88 
13 36 39 88 
21 62 5 88 
4 84 0 88 
76 12 0 88 
34 48 6 88 
21 47 20 88 
60 4 24 88 
23 15 51 89 
40 25 24 89 
9 70 10 89 
34 0 55 89 
9 9 71 89 
38 41 10 89 
5 53 31 89 
20 61 8 89 
5 9 75 89 
78 3 8 89 
7 63 19 89 
53 2 35 90 
21 11 58 90 
23 4 63 90 
71 15 4 90 
37 44 9 90 
23 67 0 90 
21 28 41 90 
48 16 26 90 
73 8 9 90 
12 39 39 90 
41 49 1 91 
29 44 18 91 
66 17 8 91 
3 68 20 91 
9 52 30 91 
25 46 20 91 
8 13 70 91 
9 62 20 91 
48 31 12 91 
33 38 20 91 
15 56 20 91 
43 32 16 91 
9 43 40 92 
15 52 25 92 
57 7 28 92 
43 21 28 92 
10 7 75 92 
7 36 49 92 
17 27 48 92 
36 13 43 92 
0 7 85 92 
13 69 10 92 
5 77 10 92 
67 5 20 92 
30 26 36 92 
8 2 82 92 
7 41 44 92 
49 13 31 93 
66 18 9 93 
21 64 8 93 
57 23 13 93 
0 73 20 93 
2 2 89 93 
74 3 16 93 
61 9 23 93 
23 12 58 93 
50 22 21 93 
28 42 23 93 
8 3 82 93 
16 20 57 93 
67 21 5 93 
24 22 47 93 
28 58 7 93 
12 20 61 93 
59 20 15 94 
17 17 60 94 
3 29 62 94 
10 58 26 94 
37 35 22 94 
53 4 37 94 
59 34 1 94 
2 3 89 94 
1 86 7 94 
0 81 13 94 
48 24 22 94 
11 28 55 94 
17 53 24 94 
14 64 16 94 
15 12 67 94 
12 15 67 94 
43 31 20 94 
40 48 6 94 
3 86 6 95 
13 64 18 95 
4 29 62 95 
41 5 49 95 
40 35 20 95 
4 76 15 95 
27 29 39 95 
43 37 15 95 
0 37 58 95 
74 15 6 95 
17 54 24 95 
20 60 15 95 
4 3 88 95 
68 12 15 95 
56 39 1 96 
7 60 29 96 
57 39 0 96 
9 69 18 96 
48 23 25 96 
42 43 11 96 
24 18 54 96 
3 43 50 96 
20 69 7 96 
42 41 13 96 
48 36 12 96 
10 34 52 96 
22 48 26 96 
72 14 10 96 
16 29 51 96 
58 30 8 96 
5 0 91 96 
2 91 3 96 
5 3 88 96 
29 50 17 96 
37 24 36 97 
17 56 24 97 
20 23 54 97 
23 31 43 97 
34 46 17 97 
59 36 2 97 
38 6 53 97 
32 17 48 97 
49 42 6 97 
2 18 77 97 
13 63 21 97 
52 29 16 97 
2 61 34 97 
32 24 41 97 
55 20 22 97 
72 18 7 97 
64 8 25 97 
17 21 59 97 
94 3 0 97 
20 29 48 97 
59 6 32 97 
1 40 57 98 
28 53 17 98 
14 32 52 98 
11 1 86 98 
84 4 10 98 
9 89 0 98 
55 32 11 98 
39 5 54 98 
40 2 56 98 
91 0 7 98 
2 76 20 98 
5 93 0 98 
27 71 0 98 
12 70 16 98 
77 6 15 98 
27 53 18 98 
13 52 33 98 
18 61 19 98 
44 11 43 98 
53 2 43 98 
4 1 93 98 
3 23 72 98 
3 81 14 98 
7 28 63 98 
46 2 50 98 
2 89 8 99 
27 70 2 99 
77 15 7 99 
16 49 34 99 
20 17 62 99 
4 25 70 99 
22 12 65 99 
32 8 59 99 
42 1 56 99 
10 88 1 99 
31 24 44 99 
26 33 40 99 
17 51 31 99 
39 13 47 99 
46 4 49 99 
7 52 40 99 
40 15 44 99 
82 1 16 99 
57 6 36 99 
51 17 31 99 
2 57 41 100 
29 53 18 100 
0 80 20 100 
19 47 34 100 
62 31 7 100 
55 39 6 100 
88 10 2 100 
28 17 55 100 
23 55 22 100 
13 52 35 100 
28 48 24 100 
51 1 48 100 
3 47 50 100 
7 1 92 100 
5 52 43 100 
56 29 15 100 
40 24 36 100 
14 69 17 100 
0 13 87 100 
34 9 57 100 
29 71 0 100 
51 22 27 100 
72 18 10 100 
40 22 38 100 
51 44 6 101 
62 5 34 101 
23 78 0 101 
20 64 17 101 
92 3 6 101 
51 39 11 101 
11 80 10 101 
85 14 2 101 
5 36 60 101 
53 22 26 101 
32 41 28 101 
9 56 36 101 
97 2 2 101 
29 42 30 101 
40 54 7 101 
88 1 12 101 
51 40 10 101 
14 35 52 101 
47 4 50 101 
86 5 10 101 
0 3 98 101 
15 31 55 101 
10 91 0 101 
29 22 50 101 
6 55 40 101 
9 24 68 101 
42 10 50 102 
2 4 96 102 
40 50 12 102 
57 20 25 102 
30 55 17 102 
33 2 67 102 
34 9 59 102 
35 47 20 102 
0 58 44 102 
22 72 8 102 
3 86 13 102 
37 12 53 102 
13 68 21 102 
66 1 35 102 
47 25 30 102 
5 57 41 103 
34 7 62 103 
66 35 2 103 
87 2 14 103 
13 12 78 103 
3 30 70 103 
69 25 9 103 
36 0 67 103 
87 5 11 103 
97 4 2 103 
17 9 77 103 
21 50 32 103 
4 20 79 103 
45 38 20 103 
53 15 35 103 
3 73 27 103 
68 16 19 103 
38 59 6 103 
16 35 52 103 
5 43 55 103 
19 72 12 103 
31 63 10 104 
63 17 24 104 
42 15 47 104 
1 38 65 104 
20 5 79 104 
29 61 14 104 
45 22 37 104 
42 44 18 104 
0 38 66 104 
0 11 93 104 
4 96 4 104 
3 76 25 104 
19 78 7 104 
28 70 6 104 
8 44 52 104 
27 26 51 104 
3 73 28 104 
14 75 16 105 
38 4 63 105 
39 61 5 105 
52 45 8 105 
15 30 60 105 
13 30 62 105 
46 6 53 105 
71 1 33 105 
89 0 16 105 
59 33 13 105 
8 36 61 105 
51 50 4 105 
10 42 53 105 
18 8 79 105 
55 8 42 105 
4 86 15 105 
18 68 19 105 
8 55 42 105 
11 19 75 105 
56 30 19 105 
62 14 29 105 
55 21 29 105 
9 18 78 105 
25 41 39 105 
22 31 52 105 
11 58 36 105 
23 51 31 105 
8 94 4 106 
7 13 86 106 
37 19 50 106 
1 30 75 106 
15 30 61 106 
14 53 39 106 
19 78 9 106 
80 6 20 106 
60 4 42 106 
27 14 65 106 
14 70 22 106 
25 44 37 106 
9 52 45 106 
7 97 2 106 
71 34 1 106 
85 15 6 106 
87 9 10 106 
45 24 37 106 
4 67 35 106 
83 11 12 106 
73 30 3 106 
27 37 42 106 
4 46 56 106 
45 54 8 107 
54 49 4 107 
55 8 44 107 
15 9 83 107 
24 78 5 107 
54 5 48 107 
14 50 43 107 
36 28 43 107 
93 0 14 107 
57 12 38 107 
8 88 11 107 
93 9 5 107 
33 30 44 107 
60 16 31 107 
22 24 61 107 
78 12 17 107 
42 44 21 107 
38 2 67 107 
86 18 3 107 
27 23 57 107 
11 45 51 107 
11 17 80 108 
55 7 46 108 
23 66 19 108 
22 68 18 108 
39 41 28 108 
28 73 7 108 
33 9 66 108 
49 26 33 108 
28 27 53 108 
14 73 21 108 
85 7 16 108 
15 3 90 108 
86 21 1 108 
22 9 77 108 
12 39 57 108 
0 66 42 108 
62 18 28 108 
45 7 56 108 
5 17 87 109 
1 73 35 109 
14 10 85 109 
30 72 7 109 
62 28 19 109 
16 6 87 109 
11 81 17 109 
61 23 25 109 
4 97 8 109 
98 0 11 109 
27 22 60 109 
14 62 33 109 
15 37 57 109 
55 47 7 109 
60 29 20 109 
0 85 24 109 
23 57 29 109 
25 32 52 109 
13 37 59 109 
58 26 25 109 
17 56 36 109 
63 39 7 109 
53 30 27 110 
32 78 0 110 
49 1 60 110 
95 14 1 110 
33 56 21 110 
51 10 49 110 
36 63 11 110 
2 85 23 110 
8 78 24 110 
22 23 65 110 
31 0 79 110 
12 65 33 110 
9 24 77 110 
4 28 78 110 
19 70 21 110 
13 81 16 110 
12 94 4 110 
64 32 14 110 
27 35 48 110 
44 50 16 110 
21 49 40 110 
59 19 32 110 
32 12 66 110 
27 44 39 110 
92 9 9 110 
36 60 15 111 
61 47 3 111 
37 1 73 111 
33 70 8 111 
9 80 22 111 
28 79 4 111 
46 33 32 111 
84 20 7 111 
17 62 32 111 
21 15 75 111 
14 26 71 111 
38 46 27 111 
88 4 19 111 
47 9 55 111 
8 60 43 111 
78 26 7 111 
31 49 31 111 
29 33 49 111 
26 55 30 111 
65 10 36 111 
23 41 47 111 
21 46 44 111 
17 57 37 111 
25 73 13 111 
46 5 60 111 
35 1 75 111 
38 30 43 111 
79 13 19 111 
26 21 64 111 
12 9 90 111 
6 56 49 111 
51 54 6 111 
38 30 43 111 
21 10 80 111 
40 24 47 111 
29 40 43 112 
32 41 39 112 
19 84 9 112 
71 11 30 112 
21 34 57 112 
67 20 25 112 
33 20 59 112 
35 62 15 112 
56 33 23 112 
47 42 23 112 
20 89 3 112 
70 19 23 112 
22 52 38 112 
21 72 19 112 
24 26 62 112 
48 45 19 112 
14 34 64 112 
29 40 43 112 
58 14 40 112 
13 42 57 112 
18 65 29 112 
7 37 68 112 
75 18 19 112 
17 59 36 112 
44 62 7 113 
3 13 97 113 
10 17 86 113 
65 16 32 113 
21 70 22 113 
26 72 15 113 
31 54 28 113 
9 64 40 113 
52 29 32 113 
32 77 4 113 
76 15 22 113 
12 51 50 113 
23 82 8 113 
46 18 49 113 
22 2 89 113 
1 77 35 113 
9 74 30 113 
12 52 49 113 
35 50 28 113 
72 25 16 113 
47 42 24 113 
7 60 46 113 
2 82 29 113 
33 15 65 113 
47 9 57 113 
53 6 54 113 
63 22 29 114 
21 70 23 114 
79 21 14 114 
58 17 39 114 
98 2 14 114 
34 42 38 114 
71 42 1 114 
58 35 21 114 
52 26 36 114 
14 86 14 114 
20 77 17 114 
39 20 55 114 
83 12 19 114 
9 72 33 114 
0 16 98 114 
19 17 78 114 
12 45 57 114 
41 20 53 114 
22 85 7 114 
55 22 37 114 
50 26 38 114 
11 49 54 114 
11 16 87 114 
4 98 12 114 
23 45 46 114 
21 25 69 115 
51 13 51 115 
40 22 53 115 
70 37 8 115 
34 0 81 115 
59 18 38 115 
32 52 31 115 
72 40 3 115 
40 59 16 115 
51 55 9 115 
3 77 35 115 
5 97 13 115 
54 9 52 115 
18 82 15 115 
54 15 46 115 
3 66 46 115 
31 47 37 115 
47 50 18 115 
22 38 55 115 
10 56 49 115 
33 39 43 115 
41 46 28 115 
90 7 18 115 
32 43 40 115 
46 9 61 116 
8 75 33 116 
24 69 23 116 
48 59 9 116 
1 57 58 116 
71 44 1 116 
9 36 71 116 
94 10 12 116 
97 6 13 116 
9 34 73 116 
5 64 47 116 
8 18 90 116 
79 11 26 116 
3 38 75 116 
13 11 92 116 
12 9 95 116 
47 20 49 116 
26 82 8 116 
62 15 39 116 
84 15 17 116 
9 39 68 116 
57 13 46 116 
17 65 34 116 
14 70 32 116 
52 31 33 116 
35 46 35 116 
23 52 42 117 
41 61 15 117 
15 5 97 117 
11 23 83 117 
61 53 3 117 
28 58 31 117 
14 71 32 117 
84 6 27 117 
79 13 25 117 
1 37 79 117 
52 45 20 117 
26 26 65 117 
75 28 14 117 
28 27 62 117 
68 11 38 117 
33 83 1 117 
42 59 16 117 
33 12 72 117 
9 96 12 117 
9 25 83 117 
8 22 87 117 
61 0 56 117 
45 44 28 117 
13 32 72 117 
38 75 5 118 
14 57 47 118 
39 57 22 118 
36 42 40 118 
34 48 36 118 
19 81 18 118 
5 38 75 118 
68 7 43 118 
0 82 36 118 
29 14 75 118 
53 56 9 118 
54 62 2 118 
7 16 95 118 
2 28 88 118 
35 52 31 118 
17 10 91 118 
32 61 25 118 
43 59 16 118 
8 30 80 118 
81 30 7 118 
27 61 30 118 
18 89 11 118 
66 16 36 118 
46 0 72 118 
18 12 89 119 
25 86 8 119 
32 54 33 119 
3 19 97 119 
74 23 22 119 
25 47 47 119 
86 4 29 119 
31 37 51 119 
25 64 30 119 
66 47 6 119 
15 19 85 119 
19 53 47 119 
26 31 62 119 
27 0 92 119 
55 48 16 119 
13 51 55 119 
80 27 12 119 
74 15 30 119 
8 32 79 119 
76 33 10 119 
73 16 30 119 
52 28 39 119 
52 68 0 120 
42 61 17 120 
79 32 9 120 
72 0 48 120 
38 71 11 120 
88 25 7 120 
19 82 19 120 
74 0 46 120 
9 41 70 120 
15 46 59 120 
28 81 11 120 
57 47 16 120 
88 13 19 120 
42 54 24 120 
47 29 44 120 
8 24 88 120 
20 6 94 120 
37 51 32 120 
90 12 18 120 
43 24 53 120 
32 83 5 120 
3 38 79 120 
7 84 29 120 
75 8 37 120 
57 15 48 120 
19 30 71 120 
94 14 12 120 
25 84 11 120 
12 86 22 120 
0 45 75 120 
4 26 90 120 
51 36 33 120 
44 2 75 121 
9 76 36 121 
73 3 45 121 
69 42 10 121 
61 47 13 121 
13 62 46 121 
47 20 54 121 
45 57 19 121 
55 47 19 121 
8 71 42 121 
88 13 20 121 
12 44 65 121 
20 76 25 121 
73 7 41 121 
6 59 56 121 
21 59 41 121 
3 20 98 121 
52 30 39 121 
35 62 24 121 
39 7 75 121 
26 30 65 121 
39 7 75 121 
50 29 42 121 
12 15 94 121 
46 1 74 121 
46 58 17 121 
28 78 15 121 
90 26 6 122 
36 71 15 122 
61 54 7 122 
46 24 52 122 
58 14 50 122 
0 34 88 122 
39 51 32 122 
69 26 27 122 
94 2 26 122 
95 19 8 122 
14 36 72 122 
19 55 48 122 
35 19 68 122 
12 49 61 122 
51 34 37 122 
12 14 96 122 
16 20 86 122 
48 1 73 122 
91 30 1 122 
63 43 16 122 
36 27 59 122 
31 62 29 122 
29 63 30 122 
24 41 57 122 
60 7 55 122 
66 32 24 122 
10 92 20 122 
26 6 90 122 
83 21 18 122 
85 7 30 122 
13 56 53 122 
65 28 29 122 
20 72 30 122 
57 3 63 123 
43 26 54 123 
46 21 56 123 
34 23 66 123 
1 98 24 123 
34 14 75 123 
10 24 89 123 
23 66 34 123 
47 74 2 123 
72 19 32 123 
10 35 78 123 
90 1 32 123 
12 75 36 123 
9 32 82 123 
43 60 20 123 
40 19 64 123 
17 55 51 123 
71 42 10 123 
3 27 93 123 
92 27 4 123 
21 37 65 123 
47 31 45 123 
45 37 41 123 
87 5 31 123 
8 18 97 123 
24 83 16 123 
7 22 94 123 
20 5 98 123 
37 68 18 123 
65 58 0 123 
41 79 3 123 
93 15 15 123 
20 35 68 123 
51 37 35 123 
57 43 23 123 
74 26 23 123 
13 42 68 123 
17 69 37 123 
2 66 56 124 
61 9 54 124 
31 71 22 124 
11 23 90 124 
48 37 39 124 
71 20 33 124 
26 24 74 124 
32 46 46 124 
44 73 7 124 
21 18 85 124 
26 44 54 124 
40 7 77 124 
44 44 36 124 
30 92 2 124 
7 44 73 124 
23 96 5 124 
4 86 34 124 
45 62 17 124 
82 17 25 124 
34 68 22 124 
13 81 30 124 
13 76 35 124 
27 61 36 124 
87 34 3 124 
75 43 6 124 
87 29 8 124 
77 34 13 124 
72 32 20 124 
27 36 62 125 
52 73 0 125 
8 71 46 125 
41 24 60 125 
77 22 26 125 
18 97 10 125 
19 19 87 125 
83 25 17 125 
22 21 82 125 
17 60 48 125 
29 80 16 125 
89 25 11 125 
60 40 25 125 
35 60 30 125 
43 42 40 125 
72 18 35 125 
58 58 9 125 
26 49 50 125 
1 95 29 125 
38 64 23 125 
10 93 22 125 
46 32 47 125 
23 20 82 125 
11 37 77 125 
53 60 12 125 
5 72 48 125 
22 11 92 125 
35 11 80 126 
9 30 87 126 
80 0 46 126 
40 34 52 126 
40 72 14 126 
82 26 18 126 
69 22 35 126 
26 30 70 126 
27 11 88 126 
71 5 50 126 
36 17 73 126 
49 55 22 126 
41 74 11 126 
18 27 81 126 
28 77 21 126 
6 29 91 126 
40 34 52 126 
72 1 53 126 
59 47 20 126 
10 81 35 126 
23 48 55 126 
43 31 52 126 
8 64 54 126 
27 70 29 126 
5 44 77 126 
41 30 55 126 
36 59 32 127 
43 8 76 127 
36 18 73 127 
39 19 69 127 
14 23 90 127 
54 61 12 127 
20 44 63 127 
62 64 1 127 
33 7 87 127 
54 8 65 127 
37 62 28 127 
33 88 6 127 
95 15 17 127 
45 7 75 127 
18 30 79 127 
68 53 6 127 
44 28 55 127 
94 7 26 127 
26 66 35 127 
8 30 89 127 
53 43 31 127 
35 59 33 127 
16 80 31 127 
35 78 14 127 
3 61 64 128 
46 65 17 128 
74 19 35 128 
6 64 58 128 
40 25 63 128 
9 89 30 128 
2 48 78 128 
30 4 94 128 
49 5 74 128 
32 38 58 128 
26 63 39 128 
56 34 38 128 
70 48 10 128 
45 23 60 128 
68 56 4 128 
47 19 62 128 
27 7 94 128 
41 38 49 128 
66 13 49 128 
75 50 3 128 
53 72 3 128 
38 71 19 128 
16 58 54 128 
9 73 46 128 
85 22 21 128 
25 95 8 128 
19 43 66 128 
46 7 75 128 
68 3 57 128 
14 90 24 128 
44 10 74 128 
47 39 42 128 
74 28 27 129 
47 73 9 129 
37 19 73 129 
62 47 20 129 
89 36 4 129 
40 15 74 129 
96 0 33 129 
24 89 16 129 
83 23 23 129 
49 61 19 129 
33 86 10 129 
51 37 41 129 
14 88 27 129 
77 44 8 129 
64 59 6 129 
27 46 56 129 
60 55 14 129 
17 95 17 129 
81 46 2 129 
23 97 9 129 
56 1 72 129 
7 94 28 129 
11 56 62 129 
43 13 73 129 
27 54 48 129 
79 36 14 129 
12 40 77 129 
51 61 17 129 
50 68 11 129 
50 36 44 130 
40 10 80 130 
1 47 82 130 
32 39 59 130 
89 30 11 130 
28 17 85 130 
10 48 72 130 
21 57 52 130 
43 37 50 130 
16 52 62 130 
95 11 24 130 
15 85 30 130 
12 68 50 130 
24 36 70 130 
35 43 52 130 
48 25 57 130 
84 2 44 130 
44 3 83 130 
41 67 22 130 
27 74 29 130 
24 52 54 130 
59 59 12 130 
75 26 29 130 
37 50 43 130 
68 44 18 130 
88 20 22 130 
46 55 29 130 
59 65 6 130 
28 17 85 130 
24 66 40 130 
9 84 37 130 
81 5 44 130 
38 41 51 130 
6 50 74 130 
52 67 11 130 
55 58 18 131 
6 38 87 131 
3 77 51 131 
29 16 86 131 
16 47 68 131 
13 75 43 131 
16 41 74 131 
21 13 97 131 
69 13 49 131 
5 39 87 131 
16 46 69 131 
95 26 10 131 
50 43 38 131 
25 12 94 131 
47 27 57 131 
2 87 42 131 
56 11 64 131 
1 49 81 131 
26 68 37 131 
66 37 28 131 
53 41 37 131 
29 41 61 131 
31 26 74 131 
40 43 48 131 
72 15 44 131 
36 83 12 131 
79 11 41 131 
34 8 89 131 
40 35 56 131 
47 57 27 131 
13 72 46 131 
27 97 7 131 
16 50 65 131 
0 64 67 131 
76 43 12 131 
21 36 74 131 
40 64 27 131 
44 44 43 131 
20 33 79 132 
52 79 1 132 
26 59 47 132 
43 78 11 132 
10 78 44 132 
16 48 68 132 
64 59 9 132 
61 35 36 132 
98 23 11 132 
52 49 31 132 
60 17 55 132 
20 59 53 132 
27 68 37 132 
48 42 42 132 
69 61 2 132 
55 47 30 132 
58 67 7 132 
87 15 31 133 
49 8 76 133 
37 88 8 133 
10 44 79 133 
89 12 32 133 
8 55 70 133 
28 55 50 133 
0 41 92 133 
83 36 14 133 
95 38 0 133 
73 8 52 133 
48 29 56 133 
66 41 26 133 
71 34 28 133 
35 87 11 133 
94 30 9 133 
19 87 27 133 
85 34 14 133 
30 91 12 133 
53 58 22 133 
3 63 67 133 
2 40 91 133 
79 51 3 133 
8 96 29 133 
29 95 9 133 
82 36 15 133 
74 1 58 133 
91 7 35 133 
85 13 35 133 
50 60 23 133 
35 13 85 133 
8 30 96 134 
34 88 12 134 
73 25 36 134 
74 21 39 134 
90 29 15 134 
84 3 47 134 
46 36 52 134 
84 48 2 134 
20 37 77 134 
16 75 43 134 
33 16 85 134 
50 59 25 134 
27 70 37 134 
53 76 5 134 
25 35 74 134 
48 41 45 134 
72 32 30 134 
46 47 41 134 
7 80 47 134 
21 47 66 134 
70 21 43 134 
95 19 20 134 
28 16 90 134 
72 59 3 134 
67 19 48 134 
63 13 58 134 
94 21 19 134 
85 46 3 134 
44 29 61 134 
50 17 67 134 
43 82 9 134 
40 87 7 134 
65 62 7 134 
42 2 90 134 
84 12 38 134 
66 54 14 134 
54 8 72 134 
22 86 26 134 
37 4 94 135 
4 88 43 135 
21 78 36 135 
90 25 20 135 
43 25 67 135 
86 38 11 135 
45 35 55 135 
37 13 85 135 
19 75 41 135 
5 76 54 135 
46 38 51 135 
87 41 7 135 
21 25 89 135 
1 50 84 135 
56 5 74 135 
31 44 60 135 
92 19 24 135 
68 45 22 135 
61 42 32 135 
39 44 52 135 
16 45 74 135 
83 28 24 135 
83 33 19 135 
45 53 37 135 
50 64 21 135 
30 45 60 135 
97 7 31 135 
53 36 46 135 
42 63 30 135 
8 61 66 135 
20 98 17 135 
62 42 31 135 
36 1 98 135 
25 46 65 136 
1 60 75 136 
5 86 45 136 
63 70 3 136 
7 65 64 136 
25 33 78 136 
33 6 97 136 
89 18 29 136 
24 88 24 136 
8 55 73 136 
76 33 27 136 
9 66 61 136 
49 65 22 136 
51 1 84 136 
41 17 78 136 
37 34 65 136 
25 79 32 136 
30 64 42 136 
41 82 13 136 
20 57 59 136 
87 32 17 136 
81 2 53 136 
16 25 95 136 
68 13 55 136 
17 27 92 136 
43 83 10 136 
98 25 13 136 
11 52 73 136 
10 74 52 136 
87 48 2 137 
16 37 84 137 
89 30 18 137 
44 18 75 137 
42 8 87 137 
27 33 77 137 
88 0 49 137 
27 31 79 137 
64 68 5 137 
48 25 64 137 
63 68 6 137 
40 30 67 137 
79 14 44 137 
93 12 32 137 
74 26 37 137 
92 24 21 137 
7 79 51 137 
34 98 5 137 
31 95 11 137 
45 3 89 137 
25 84 28 137 
81 33 23 137 
35 79 23 137 
5 85 47 137 
16 74 47 137 
66 51 20 137 
14 72 51 137 
52 40 46 138 
50 51 37 138 
51 23 64 138 
63 61 14 138 
90 46 2 138 
93 15 30 138 
15 94 29 138 
50 54 34 138 
60 28 50 138 
53 50 35 138 
88 12 38 138 
36 93 9 138 
45 74 19 138 
80 22 36 138 
6 34 98 138 
48 61 29 138 
27 34 77 138 
77 54 7 138 
63 30 45 138 
41 18 79 138 
85 44 9 138 
22 86 30 138 
66 67 5 138 
45 36 57 138 
48 58 32 138 
14 46 78 138 
11 77 50 138 
53 67 18 138 
81 37 20 138 
54 2 82 138 
8 94 36 138 
54 50 34 138 
63 25 50 138 
4 94 41 139 
4 83 52 139 
64 20 55 139 
72 35 32 139 
68 43 28 139 
31 16 92 139 
12 67 60 139 
29 84 26 139 
22 77 40 139 
98 11 30 139 
90 19 30 139 
42 16 81 139 
72 41 26 139 
22 75 42 139 
51 57 31 139 
21 20 98 139 
34 31 74 139 
79 27 33 139 
16 48 75 139 
75 28 36 139 
72 18 49 139 
77 57 5 139 
35 42 62 139 
45 44 50 139 
39 50 50 139 
81 55 3 139 
97 23 20 140 
94 41 5 140 
72 26 42 140 
70 57 13 140 
49 18 73 140 
21 85 34 140 
59 79 2 140 
78 39 23 140 
48 85 7 140 
11 52 77 140 
26 37 77 140 
84 12 44 140 
37 32 71 140 
24 50 66 140 
90 36 14 140 
69 20 51 140 
57 50 33 140 
35 48 57 140 
63 65 12 140 
58 64 18 140 
27 59 54 140 
81 3 56 140 
84 41 15 140 
44 7 89 140 
45 61 34 140 
10 57 73 140 
89 10 41 140 
54 33 53 140 
6 42 92 140 
35 44 61 140 
87 33 20 140 
30 30 81 141 
39 16 86 141 
63 44 34 141 
46 92 3 141 
2 97 42 141 
26 65 50 141 
17 27 97 141 
60 77 4 141 
20 85 36 141 
4 43 94 141 
53 59 29 141 
94 13 34 141 
31 76 34 141 
36 18 87 141 
9 46 86 141 
13 66 62 141 
45 59 37 141 
25 89 27 141 
24 93 24 141 
27 65 49 141 
28 50 63 141 
16 27 98 141 
43 32 66 141 
71 48 22 141 
62 22 57 141 
90 39 12 141 
86 42 13 141 
43 36 62 141 
33 34 74 141 
25 40 76 141 
39 37 65 141 
75 17 49 141 
82 55 4 141 
24 60 57 141 
52 33 57 142 
43 48 51 142 
53 89 0 142 
28 36 78 142 
70 31 41 142 
34 48 60 142 
29 73 40 142 
26 42 74 142 
84 39 19 142 
78 19 45 142 
21 76 45 142 
43 93 6 142 
95 6 41 142 
41 19 82 142 
81 10 51 142 
67 62 13 142 
57 77 8 142 
62 75 5 142 
40 9 93 142 
87 48 7 142 
64 20 58 142 
81 23 38 142 
46 50 46 142 
12 52 78 142 
88 10 44 142 
88 0 54 142 
9 71 62 142 
87 46 9 142 
81 46 15 142 
14 49 79 142 
78 41 23 142 
77 60 5 142 
11 92 39 142 
0 91 52 143 
47 41 55 143 
38 12 93 143 
41 12 90 143 
31 78 34 143 
80 57 6 143 
22 53 68 143 
35 68 40 143 
40 5 98 143 
42 24 77 143 
19 39 85 143 
43 89 11 143 
54 27 62 143 
28 95 20 143 
65 48 30 143 
60 74 9 143 
82 47 14 143 
43 54 46 143 
74 16 53 143 
33 43 67 143 
48 91 4 143 
32 88 23 143 
54 66 23 143 
56 59 28 143 
62 68 13 143 
80 32 31 143 
80 41 22 143 
44 30 69 143 
2 91 51 144 
89 7 48 144 
11 38 95 144 
35 92 17 144 
6 72 66 144 
53 16 75 144 
13 83 48 144 
54 63 27 144 
58 4 82 144 
0 48 96 144 
44 68 32 144 
1 82 61 144 
46 23 75 144 
33 45 66 144 
10 46 88 144 
71 43 30 144 
88 29 27 144 
14 36 94 144 
56 74 14 144 
17 97 30 144 
71 71 2 144 
24 39 81 144 
61 8 75 144 
68 63 13 144 
95 48 1 144 
92 31 21 144 
95 36 13 144 
5 61 78 144 
30 83 31 144 
69 15 60 144 
72 22 50 144 
60 70 14 144 
5 93 46 144 
49 11 84 144 
58 17 69 144 
19 56 69 144 
35 97 12 144 
72 60 12 144 
25 74 45 144 
19 50 75 144 
49 39 56 144 
22 89 34 145 
49 8 88 145 
65 51 29 145 
62 45 38 145 
12 51 82 145 
86 38 21 145 
31 45 69 145 
71 74 0 145 
97 13 35 145 
60 38 47 145 
36 25 84 145 
29 70 46 145 
81 11 53 145 
11 68 66 145 
63 67 15 145 
21 90 34 145 
39 15 91 145 
20 71 54 145 
41 55 49 145 
4 95 46 145 
61 42 42 145 
11 61 73 145 
81 8 56 145 
33 71 41 145 
83 2 60 145 
17 41 87 145 
35 80 30 145 
44 12 90 146 
78 60 8 146 
92 0 54 146 
54 76 16 146 
18 31 97 146 
61 61 24 146 
14 71 61 146 
23 47 76 146 
21 80 45 146 
92 3 51 146 
66 23 57 146 
64 64 18 146 
76 6 64 146 
36 14 96 146 
28 90 28 146 
1 50 95 146 
46 81 19 146 
51 76 19 146 
51 46 49 146 
30 18 98 146 
66 50 30 146 
21 57 69 147 
34 39 74 147 
19 84 44 147 
17 67 63 147 
24 80 43 147 
8 75 64 147 
56 69 22 147 
96 20 31 147 
92 21 34 147 
34 23 90 147 
33 43 71 147 
70 30 47 147 
65 12 70 147 
94 4 49 147 
0 73 74 147 
66 5 76 147 
28 47 72 147 
42 69 36 147 
98 19 30 147 
64 82 1 147 
28 39 80 147 
77 21 49 147 
31 60 56 147 
1 70 76 147 
13 87 47 147 
85 29 33 147 
25 41 81 147 
37 87 23 147 
76 40 31 147 
42 9 96 147 
55 25 67 147 
95 6 46 147 
34 41 72 147 
64 28 55 147 
24 61 62 147 
20 73 54 147 
10 47 90 147 
71 63 14 148 
54 60 34 148 
87 32 29 148 
33 78 37 148 
68 44 36 148 
43 25 80 148 
8 68 72 148 
15 76 57 148 
98 13 37 148 
30 74 44 148 
0 86 62 148 
64 2 82 148 
43 42 63 148 
73 19 56 148 
47 48 53 148 
32 57 59 148 
55 70 23 148 
91 37 20 148 
49 95 4 148 
75 66 7 148 
86 34 28 148 
98 42 8 148 
59 38 51 148 
53 10 85 148 
67 10 71 148 
58 31 59 148 
46 79 23 148 
44 80 24 148 
78 17 54 149 
61 0 88 149 
71 75 3 149 
26 59 64 149 
81 45 23 149 
78 19 52 149 
59 37 53 149 
32 19 98 149 
65 51 33 149 
75 48 26 149 
6 92 51 149 
40 75 34 149 
85 31 33 149 
66 31 52 149 
23 58 68 149 
42 71 36 149 
94 55 0 149 
15 94 40 149 
81 3 65 149 
61 12 76 149 
77 30 42 149 
76 30 43 149 
46 23 80 149 
60 11 78 149 
27 68 54 149 
62 40 47 149 
11 55 83 149 
38 16 95 149 
78 52 19 149 
73 76 0 149 
23 67 59 149 
52 74 23 149 
94 24 31 149 
75 4 71 150 
50 89 11 150 
62 23 65 150 
51 51 48 150 
62 29 59 150 
34 61 55 150 
11 85 54 150 
95 29 26 150 
72 14 64 150 
53 1 96 150 
7 50 93 150 
56 87 7 150 
1 91 58 150 
71 30 49 150 
65 3 82 150 
48 15 87 150 
17 90 43 150 
51 27 72 150 
42 40 68 150 
28 76 46 150 
20 42 88 150 
27 34 89 150 
63 69 18 150 
63 75 12 150 
72 65 13 150 
98 15 37 150 
76 71 4 151 
22 56 73 151 
53 14 84 151 
89 26 36 151 
68 59 24 151 
63 11 77 151 
94 19 38 151 
6 93 52 151 
46 32 73 151 
24 97 30 151 
59 47 45 151 
7 64 80 151 
6 58 87 151 
53 26 72 151 
33 32 86 151 
0 95 56 151 
78 36 37 151 
39 29 83 151 
80 58 13 151 
88 47 16 151 
44 59 48 151 
71 61 19 151 
98 6 47 151 
43 18 90 151 
43 18 90 151 
44 32 75 151 
29 42 80 151 
0 81 70 151 
41 91 19 151 
56 80 15 151 
75 58 18 151 
30 40 81 151 
48 15 88 151 
59 14 78 151 
56 74 21 151 
60 61 30 151 
85 66 0 151 
92 52 8 152 
71 39 42 152 
17 40 95 152 
35 76 41 152 
81 34 37 152 
34 84 34 152 
58 58 36 152 
48 6 98 152 
66 56 30 152 
42 83 27 152 
21 65 66 152 
74 58 20 152 
4 97 51 152 
33 34 85 152 
10 70 72 152 
27 87 38 152 
10 45 97 152 
65 73 14 152 
18 86 48 152 
71 7 74 152 
66 14 72 152 
45 58 49 152 
67 53 32 152 
89 41 22 152 
84 9 60 153 
48 95 10 153 
84 56 13 153 
17 38 98 153 
86 53 14 153 
89 46 18 153 
21 56 76 153 
79 50 24 153 
67 17 69 153 
60 18 75 153 
55 10 88 153 
28 74 51 153 
69 41 43 153 
43 82 28 153 
7 75 71 153 
39 25 89 153 
43 90 20 153 
57 48 48 153 
49 78 26 153 
6 76 71 153 
21 36 96 153 
51 72 30 153 
84 55 14 153 
57 94 2 153 
3 57 94 154 
62 24 68 154 
47 50 57 154 
29 29 96 154 
72 39 43 154 
92 6 56 154 
89 39 26 154 
5 88 61 154 
80 45 29 154 
10 59 85 154 
58 63 33 154 
21 42 91 154 
47 37 70 154 
53 85 16 154 
33 88 33 154 
26 53 75 154 
11 67 76 154 
6 89 59 154 
1 90 63 154 
24 47 83 154 
2 78 74 154 
59 24 71 154 
68 61 25 154 
46 36 72 154 
42 52 60 154 
48 48 58 154 
80 3 71 154 
55 7 92 154 
54 37 63 154 
73 33 48 154 
40 31 83 154 
98 45 11 154 
38 62 55 155 
97 14 44 155 
61 36 58 155 
47 22 86 155 
65 28 62 155 
54 92 9 155 
92 45 18 155 
32 60 63 155 
22 71 62 155 
85 58 12 155 
10 79 66 155 
90 64 1 155 
63 25 67 155 
28 95 32 155 
12 77 66 155 
74 57 24 155 
29 70 56 155 
45 17 93 155 
14 70 71 155 
81 35 39 155 
76 66 13 155 
80 75 0 155 
57 69 29 155 
63 92 0 155 
57 22 76 155 
22 45 88 155 
67 24 64 155 
43 95 17 155 
51 33 71 155 
69 53 33 155 
11 72 72 155 
42 37 76 155 
32 37 86 155 
92 49 15 156 
77 79 0 156 
44 34 78 156 
55 39 62 156 
12 98 46 156 
33 81 42 156 
96 32 28 156 
7 93 56 156 
42 72 42 156 
44 94 18 156 
98 33 25 156 
25 95 36 156 
81 29 46 156 
59 57 40 156 
7 88 61 156 
19 86 51 156 
60 66 30 156 
32 40 84 156 
43 42 71 156 
59 81 16 156 
46 84 26 156 
39 40 78 157 
41 79 37 157 
83 4 70 157 
45 16 96 157 
26 70 61 157 
97 53 7 157 
61 59 37 157 
55 88 14 157 
95 38 24 157 
42 23 92 157 
90 8 59 157 
5 66 86 157 
63 62 32 157 
44 76 37 157 
62 73 22 157 
61 51 45 157 
54 85 18 157 
63 14 80 157 
92 57 8 157 
97 58 2 157 
86 31 40 157 
6 61 90 157 
0 64 93 157 
59 64 34 157 
70 34 53 157 
49 59 49 157 
96 43 18 157 
64 24 69 157 
34 56 67 157 
58 93 6 157 
32 67 58 157 
16 52 90 158 
92 55 11 158 
42 66 50 158 
29 83 46 158 
21 73 64 158 
7 77 74 158 
79 34 45 158 
86 60 12 158 
42 73 43 158 
70 69 19 158 
48 80 30 158 
75 31 52 158 
23 84 51 158 
31 80 47 158 
78 59 21 158 
76 33 49 158 
55 45 58 158 
67 72 19 158 
98 31 29 158 
90 40 28 158 
38 94 26 158 
47 71 40 158 
66 49 43 158 
33 36 89 158 
51 52 55 158 
11 54 93 158 
72 27 59 158 
69 57 32 158 
29 43 86 158 
79 73 6 158 
61 88 10 159 
86 7 66 159 
37 70 52 159 
29 50 80 159 
97 50 12 159 
25 70 64 159 
56 87 16 159 
58 28 73 159 
3 90 66 159 
15 48 96 159 
47 85 27 159 
61 72 26 159 
24 71 64 159 
68 31 60 159 
12 66 81 159 
90 46 23 159 
40 55 64 159 
52 71 36 159 
72 83 4 159 
28 38 93 159 
58 50 51 159 
90 61 8 159 
31 87 41 159 
70 72 17 159 
48 22 89 159 
60 40 59 159 
95 29 35 159 
55 35 69 159 
49 57 53 159 
3 70 86 159 
14 69 76 159 
78 59 22 159 
67 24 68 159 
69 15 75 159 
59 47 53 159 
60 87 12 159 
61 45 53 159 
39 55 66 160 
90 1 69 160 
33 51 76 160 
53 56 51 160 
29 84 47 160 
12 94 54 160 
93 13 54 160 
84 6 70 160 
53 16 91 160 
5 93 62 160 
60 86 14 160 
63 14 83 160 
19 61 80 160 
69 82 9 160 
78 59 23 160 
23 71 66 160 
4 84 72 160 
81 71 8 160 
97 10 53 160 
13 90 57 160 
26 48 86 160 
94 14 52 160 
68 43 49 160 
24 45 91 160 
40 50 70 160 
62 79 19 160 
63 87 11 161 
42 39 80 161 
91 15 55 161 
82 32 47 161 
54 16 91 161 
63 66 32 161 
23 52 86 161 
78 5 78 161 
59 60 42 161 
66 46 49 161 
41 38 82 161 
0 94 67 161 
48 51 62 161 
43 42 76 161 
75 53 33 161 
64 87 10 161 
64 14 83 161 
44 84 33 161 
91 31 39 161 
95 32 34 161 
69 46 46 161 
82 65 14 161 
3 64 94 161 
76 38 47 161 
7 58 96 161 
80 61 20 161 
8 84 70 162 
61 98 3 162 
78 75 9 162 
2 85 75 162 
68 60 34 162 
30 77 55 162 
45 62 55 162 
33 66 63 162 
62 24 76 162 
19 83 60 162 
80 1 81 162 
35 56 71 162 
65 75 22 162 
55 62 45 162 
80 58 24 162 
23 82 57 162 
33 87 42 162 
59 26 77 162 
28 46 88 162 
52 72 38 162 
78 39 45 162 
93 26 43 162 
63 35 64 162 
47 97 18 162 
17 76 69 162 
40 79 44 163 
19 92 52 163 
40 90 33 163 
51 39 73 163 
78 46 39 163 
58 23 82 163 
71 49 43 163 
42 65 56 163 
35 80 48 163 
56 64 43 163 
58 34 71 163 
92 1 70 163 
58 57 48 163 
31 62 70 163 
23 57 83 163 
85 72 6 163 
16 76 71 163 
82 51 30 163 
78 40 45 163 
40 39 84 163 
90 44 29 163 
57 60 46 163 
40 68 55 163 
45 95 23 163 
9 67 87 163 
2 72 89 163 
63 61 39 163 
97 55 11 163 
17 59 87 163 
57 40 66 163 
75 40 48 163 
41 98 24 163 
33 87 44 164 
37 78 49 164 
52 88 24 164 
45 38 81 164 
83 16 65 164 
76 9 79 164 
17 54 93 164 
49 90 25 164 
56 25 83 164 
67 24 73 164 
48 39 77 164 
71 33 60 164 
34 44 86 164 
95 25 44 164 
56 82 26 164 
31 61 72 164 
22 45 97 164 
62 12 90 164 
76 47 41 164 
56 85 23 164 
93 29 42 164 
15 85 64 164 
69 3 92 164 
23 72 69 164 
29 68 67 164 
68 53 43 164 
45 84 35 164 
78 69 17 164 
6 69 89 164 
35 46 83 164 
5 89 70 164 
32 43 89 164 
4 92 68 164 
49 85 30 164 
60 16 89 165 
51 73 41 165 
78 25 62 165 
93 62 10 165 
63 51 51 165 
57 79 29 165 
23 82 60 165 
27 86 52 165 
25 72 68 165 
21 47 97 165 
35 59 71 165 
4 81 80 165 
26 76 63 165 
27 78 60 165 
92 70 3 165 
66 40 59 165 
95 22 48 165 
65 20 80 165 
44 32 89 165 
3 73 89 165 
84 59 22 165 
33 64 68 165 
41 29 95 165 
47 61 57 165 
76 27 62 165 
64 48 53 165 
28 92 45 165 
1 83 81 165 
29 49 87 165 
26 72 67 165 
48 50 67 165 
64 74 27 165 
23 97 45 165 
62 16 87 165 
22 93 50 165 
13 64 88 165 
91 56 19 166 
32 71 63 166 
87 18 61 166 
79 3 84 166 
19 72 75 166 
67 58 41 166 
98 22 46 166 
88 36 42 166 
67 41 58 166 
34 84 48 166 
72 75 19 166 
30 46 90 166 
19 98 49 166 
88 72 6 166 
29 60 77 166 
66 70 30 166 
54 64 48 166 
72 18 76 166 
27 70 69 166 
19 51 96 166 
76 17 73 166 
15 64 87 166 
52 96 18 166 
22 62 82 166 
79 51 36 166 
69 93 4 166 
67 40 60 167 
80 39 48 167 
49 25 93 167 
54 65 48 167 
53 46 68 167 
74 59 34 167 
68 83 16 167 
87 64 16 167 
17 86 64 167 
30 82 55 167 
37 47 83 167 
91 63 13 167 
47 40 80 167 
84 79 4 167 
53 38 76 167 
2 78 87 167 
93 20 54 167 
75 66 26 167 
72 40 55 167 
64 36 67 167 
74 42 51 167 
28 60 79 167 
58 67 42 167 
38 90 39 167 
76 26 65 167 
27 42 98 167 
10 62 95 167 
32 43 92 167 
69 98 0 167 
22 90 56 168 
35 83 50 168 
93 56 19 168 
23 62 83 168 
67 50 51 168 
15 95 58 168 
26 51 91 168 
21 70 77 168 
84 32 52 168 
93 55 20 168 
29 97 42 168 
21 86 61 168 
98 5 65 168 
48 93 27 168 
94 72 2 168 
83 6 79 168 
79 2 87 168 
50 61 57 168 
48 62 58 168 
11 59 98 168 
59 77 32 168 
32 39 97 168 
92 13 64 169 
45 83 41 169 
96 15 58 169 
30 49 90 169 
77 34 58 169 
17 59 93 169 
47 70 52 169 
22 67 80 169 
80 79 10 169 
77 29 63 169 
57 94 18 169 
48 53 68 169 
83 76 10 169 
57 95 17 169 
17 89 63 169 
90 52 27 169 
56 69 44 169 
80 28 61 169 
81 22 66 169 
6 88 75 169 
36 42 91 169 
65 31 73 169 
62 15 92 169 
22 58 89 169 
49 88 32 169 
90 6 73 169 
45 48 77 170 
60 92 18 170 
86 7 77 170 
57 82 31 170 
98 47 25 170 
55 78 37 170 
91 36 43 170 
59 50 61 170 
36 68 66 170 
84 64 22 170 
26 71 73 170 
9 92 69 170 
64 45 61 170 
57 80 33 170 
86 40 44 170 
76 51 43 170 
20 58 92 170 
46 48 76 170 
46 92 32 170 
61 89 20 170 
94 59 17 170 
38 58 74 170 
78 55 37 170 
84 72 14 170 
57 87 26 170 
44 44 83 171 
63 38 70 171 
74 75 22 171 
84 31 56 171 
34 81 56 171 
62 95 14 171 
86 48 37 171 
93 21 57 171 
85 2 84 171 
81 87 3 171 
78 16 77 171 
84 49 38 171 
79 70 22 171 
82 51 38 171 
3 96 72 171 
77 26 68 171 
77 53 41 171 
63 92 16 171 
81 11 79 171 
16 93 62 171 
41 64 66 171 
56 50 65 171 
19 65 87 171 
44 92 35 171 
26 70 75 171 
93 71 7 171 
90 52 29 171 
59 20 92 171 
81 57 34 172 
1 87 84 172 
85 73 14 172 
84 23 65 172 
80 9 83 172 
82 31 59 172 
87 26 59 172 
88 3 81 172 
23 68 81 172 
67 47 58 172 
66 23 83 172 
13 69 90 172 
82 13 77 172 
88 79 5 172 
48 79 45 172 
66 23 83 172 
64 47 61 172 
18 61 93 172 
16 63 93 172 
38 56 78 172 
19 93 60 172 
76 67 30 173 
62 41 70 173 
37 59 77 173 
54 45 74 173 
38 40 95 173 
72 15 86 173 
46 36 91 173 
68 68 37 173 
84 3 86 173 
92 56 25 173 
68 14 91 173 
44 77 52 173 
24 62 87 173 
91 67 15 173 
69 27 77 173 
28 95 50 173 
91 67 15 173 
46 57 70 173 
71 21 81 173 
40 64 69 173 
69 74 30 173 
62 93 18 173 
85 8 80 173 
21 77 76 174 
65 61 48 174 
82 28 64 174 
73 51 50 174 
91 41 42 174 
75 2 97 174 
38 70 66 174 
84 66 24 174 
95 46 33 174 
49 65 60 174 
39 40 95 174 
13 68 93 174 
50 87 37 174 
29 73 72 174 
60 89 25 174 
56 33 85 174 
74 28 72 174 
85 70 19 174 
72 42 60 174 
89 36 49 174 
80 12 83 175 
65 53 57 175 
57 56 62 175 
41 84 50 175 
46 31 98 175 
48 73 54 175 
15 95 65 175 
89 73 13 175 
75 18 82 175 
57 22 96 175 
60 82 33 175 
45 74 56 175 
62 63 50 175 
90 1 84 175 
84 32 59 175 
50 59 66 175 
33 44 98 175 
52 76 47 175 
77 2 96 175 
82 35 58 175 
58 94 23 175 
54 92 29 175 
65 92 18 175 
25 67 83 175 
73 15 87 175 
57 94 24 175 
94 21 60 175 
64 22 89 175 
41 41 93 175 
82 74 19 175 
13 93 70 176 
44 78 54 176 
15 94 67 176 
83 68 25 176 
27 63 86 176 
82 10 84 176 
62 57 57 176 
43 35 98 176 
46 81 49 176 
48 84 44 176 
44 41 91 176 
21 75 80 176 
60 83 33 176 
93 43 40 176 
3 98 75 176 
82 29 65 176 
94 27 55 176 
85 90 1 176 
35 73 68 176 
11 76 89 176 
33 91 52 176 
88 88 0 176 
45 54 77 176 
63 54 59 176 
19 65 92 176 
77 46 53 176 
79 56 41 176 
16 62 98 176 
49 43 84 176 
83 28 65 176 
68 20 88 176 
71 95 10 176 
55 65 56 176 
67 29 80 176 
50 89 37 176 
89 73 15 177 
65 37 75 177 
90 18 69 177 
92 41 44 177 
75 29 73 177 
41 85 51 177 
81 54 42 177 
85 36 56 177 
73 64 40 177 
98 32 47 177 
84 44 49 177 
34 86 57 177 
83 36 58 177 
30 88 59 177 
38 43 96 177 
78 17 82 177 
39 47 91 177 
83 79 15 177 
67 79 31 177 
81 27 69 177 
5 84 88 177 
41 98 38 177 
11 97 69 177 
85 14 78 177 
77 11 90 178 
58 97 23 178 
76 52 50 178 
18 78 82 178 
39 84 55 178 
69 26 83 178 
87 25 66 178 
76 20 82 178 
44 84 50 178 
95 10 73 178 
20 82 76 178 
48 66 64 178 
38 75 65 178 
72 86 20 178 
37 80 61 178 
74 42 62 178 
6 93 79 178 
49 48 81 178 
37 88 53 178 
7 80 91 178 
71 43 64 178 
77 40 61 178 
69 86 23 178 
56 43 79 178 
95 67 16 178 
8 87 83 178 
79 97 2 178 
13 78 87 178 
45 47 86 178 
58 83 37 178 
39 98 41 178 
43 54 81 178 
81 67 30 178 
78 60 40 178 
81 24 73 178 
66 82 30 178 
49 34 96 179 
36 45 98 179 
82 39 58 179 
35 74 70 179 
51 97 31 179 
64 23 92 179 
21 68 90 179 
77 44 58 179 
50 71 58 179 
74 96 9 179 
1 95 83 179 
84 55 40 179 
69 83 27 179 
34 97 48 179 
88 50 41 179 
82 13 84 179 
76 73 30 179 
65 25 89 179 
17 95 67 179 
4 89 86 179 
47 57 75 179 
50 65 64 179 
24 92 63 179 
81 41 58 180 
60 47 73 180 
70 27 83 180 
75 98 7 180 
79 7 94 180 
41 41 98 180 
57 63 60 180 
98 53 29 180 
73 86 21 180 
90 73 17 180 
56 64 60 180 
88 15 77 180 
83 67 30 180 
11 79 90 180 
36 88 56 180 
59 27 94 180 
66 64 50 180 
98 38 44 180 
76 36 68 180 
22 68 90 180 
61 83 36 180 
42 77 62 181 
62 67 52 181 
84 65 32 181 
59 85 37 181 
13 89 79 181 
89 72 20 181 
68 52 61 181 
87 85 9 181 
79 34 68 181 
16 69 96 181 
94 50 37 181 
87 77 17 181 
64 46 71 181 
72 81 28 181 
57 91 33 181 
92 31 58 181 
90 57 34 181 
27 89 65 181 
94 28 59 181 
46 77 58 181 
67 95 19 181 
98 23 60 181 
37 74 71 182 
35 90 57 182 
64 69 49 182 
65 73 44 182 
65 62 55 182 
89 37 56 182 
61 44 77 182 
32 69 81 182 
33 51 98 182 
88 83 11 182 
97 10 75 182 
16 95 71 182 
80 18 84 182 
39 93 50 182 
56 72 54 182 
22 92 68 182 
72 63 47 182 
80 97 5 182 
29 67 86 182 
90 76 16 182 
47 70 65 182 
32 60 90 182 
21 67 94 182 
54 82 47 183 
61 66 56 183 
9 84 90 183 
80 53 50 183 
57 51 75 183 
53 82 48 183 
32 88 63 183 
91 59 33 183 
76 85 22 183 
92 59 32 183 
77 28 78 183 
68 51 64 183 
97 78 8 183 
30 62 91 183 
41 93 49 183 
16 95 72 183 
54 36 93 183 
49 63 71 183 
44 68 71 183 
82 97 4 183 
57 79 47 183 
55 84 44 183 
84 54 45 183 
96 25 63 184 
24 62 98 184 
76 31 77 184 
80 51 53 184 
73 89 22 184 
37 87 60 184 
77 56 51 184 
78 13 93 184 
83 23 78 184 
68 92 24 184 
74 79 31 184 
60 30 94 184 
66 91 27 184 
34 90 60 184 
47 89 48 184 
88 75 21 184 
62 74 48 184 
62 29 93 184 
83 65 36 184 
19 87 78 184 
72 49 63 184 
75 91 18 184 
9 90 86 185 
78 77 30 185 
53 93 39 185 
72 85 28 185 
34 57 94 185 
14 87 84 185 
35 61 89 185 
79 62 44 185 
91 68 26 185 
20 77 88 185 
82 63 40 185 
73 40 72 185 
62 40 83 185 
57 70 58 185 
58 40 87 185 
60 32 93 185 
7 84 94 185 
14 77 94 185 
1 87 97 185 
65 64 56 185 
55 42 88 185 
71 84 30 185 
95 83 7 185 
75 54 56 185 
81 34 70 185 
79 61 45 185 
24 72 90 186 
41 53 92 186 
15 80 91 186 
77 56 53 186 
95 12 79 186 
74 73 39 186 
56 73 57 186 
56 98 32 186 
88 97 1 186 
90 7 89 186 
97 21 68 186 
77 49 60 186 
80 27 79 186 
57 60 69 186 
83 47 56 186 
60 41 85 186 
66 24 96 186 
96 25 65 186 
78 32 76 186 
77 98 11 186 
34 60 92 186 
84 95 7 186 
65 25 96 186 
38 57 91 186 
57 51 79 187 
33 81 73 187 
47 90 50 187 
66 44 77 187 
71 21 95 187 
85 82 20 187 
29 65 93 187 
88 8 91 187 
67 76 44 187 
96 20 71 187 
87 35 65 187 
70 78 39 187 
28 95 64 187 
38 95 54 187 
83 64 40 187 
93 8 86 187 
83 56 48 187 
88 90 9 187 
94 62 31 187 
92 26 69 187 
90 65 32 187 
83 54 50 187 
65 31 91 187 
59 53 75 187 
92 36 59 187 
8 97 82 187 
82 78 27 187 
66 42 79 187 
97 68 22 187 
96 16 76 188 
98 68 22 188 
36 76 76 188 
76 42 70 188 
95 47 46 188 
75 42 71 188 
63 54 71 188 
37 62 89 188 
65 63 60 188 
98 76 14 188 
16 77 95 188 
13 98 77 188 
53 81 54 188 
51 54 83 188 
84 16 88 188 
75 66 47 188 
3 95 90 188 
36 91 61 188 
62 79 47 188 
62 71 55 188 
54 93 41 188 
91 22 75 188 
83 90 16 189 
68 31 90 189 
94 7 88 189 
41 75 73 189 
74 34 81 189 
87 39 63 189 
85 38 66 189 
88 48 53 189 
25 78 86 189 
46 94 49 189 
94 94 1 189 
52 40 97 189 
51 70 68 189 
61 49 79 189 
59 32 98 189 
66 47 76 189 
81 59 49 189 
73 57 59 189 
78 26 85 189 
86 93 10 189 
36 72 81 189 
94 73 22 189 
81 86 22 189 
70 37 82 189 
91 12 86 189 
42 70 77 189 
62 77 50 189 
44 62 83 189 
27 86 76 189 
23 78 89 190 
95 6 89 190 
86 59 45 190 
79 38 73 190 
28 97 65 190 
78 36 76 190 
96 24 70 190 
56 55 79 190 
98 68 24 190 
80 43 67 190 
31 77 82 190 
53 51 86 190 
34 68 88 190 
35 77 78 190 
96 44 50 190 
47 61 82 190 
79 26 85 190 
70 94 26 190 
83 75 32 190 
19 74 97 190 
96 63 31 190 
71 81 38 190 
78 83 29 190 
87 8 95 190 
50 52 89 191 
57 98 36 191 
45 85 61 191 
77 47 67 191 
65 35 91 191 
37 66 88 191 
96 3 92 191 
53 70 68 191 
82 51 58 191 
22 78 91 191 
61 65 65 191 
38 91 62 191 
88 83 20 191 
11 96 84 191 
36 74 81 191 
97 56 38 191 
63 67 61 191 
82 42 67 191 
59 54 78 191 
20 74 97 191 
33 84 74 191 
93 81 17 191 
7 87 97 191 
93 89 9 191 
84 54 53 191 
28 77 86 191 
95 55 41 191 
32 98 61 191 
84 91 16 191 
38 70 84 192 
20 88 84 192 
62 39 91 192 
91 8 93 192 
56 87 49 192 
38 90 64 192 
93 73 26 192 
89 98 5 192 
18 77 97 192 
61 86 45 192 
36 61 95 192 
60 73 59 192 
88 98 6 192 
93 3 96 192 
64 63 65 192 
48 74 70 192 
26 71 95 192 
95 3 94 192 
42 69 81 192 
31 73 88 192 
68 71 54 193 
88 23 82 193 
94 85 14 193 
62 43 88 193 
31 82 80 193 
10 86 97 193 
62 58 73 193 
76 73 44 193 
66 80 47 193 
51 72 70 193 
78 80 35 193 
56 90 47 193 
12 84 97 193 
39 86 68 193 
75 84 34 193 
62 64 67 193 
34 71 88 193 
86 66 41 193 
96 81 16 193 
47 63 83 193 
92 50 51 193 
98 67 28 193 
84 57 52 193 
82 25 86 193 
25 82 86 193 
60 62 72 194 
7 93 94 194 
81 64 49 194 
62 61 71 194 
51 57 86 194 
83 26 85 194 
25 97 72 194 
89 10 95 194 
79 42 73 194 
40 59 95 194 
61 71 62 194 
83 36 75 194 
84 23 87 194 
93 47 54 194 
80 64 50 194 
80 72 42 194 
14 90 91 195 
93 61 41 195 
98 56 41 195 
86 28 81 195 
84 79 32 195 
74 29 92 195 
59 82 54 195 
89 77 29 195 
86 63 46 195 
41 92 62 195 
75 98 22 195 
86 88 21 195 
96 57 42 195 
62 78 55 195 
3 98 94 195 
87 73 35 195 
40 97 58 195 
19 97 79 195 
14 95 86 195 
85 20 90 195 
71 58 66 195 
70 55 70 195 
84 24 87 195 
78 69 48 195 
85 57 53 195 
76 39 80 195 
83 46 67 196 
63 67 66 196 
74 35 87 196 
41 59 96 196 
78 87 31 196 
67 77 52 196 
97 42 57 196 
46 76 74 196 
74 89 33 196 
80 66 50 196 
58 71 67 196 
54 52 90 196 
59 56 81 196 
96 78 22 196 
86 50 60 196 
43 56 97 196 
67 58 71 196 
45 93 58 196 
91 38 67 196 
56 66 74 196 
53 54 89 196 
95 14 87 196 
90 34 72 196 
62 42 93 197 
81 56 60 197 
78 97 22 197 
96 51 50 197 
57 84 56 197 
76 84 37 197 
84 81 32 197 
59 55 83 197 
30 78 89 197 
87 85 25 197 
94 17 86 197 
25 89 83 197 
79 38 80 197 
55 62 80 197 
63 65 69 197 
98 27 72 197 
46 57 94 197 
88 83 26 197 
36 87 74 197 
18 86 93 197 
58 43 96 197 
75 96 26 197 
24 95 78 197 
77 24 96 197 
74 36 87 197 
9 95 93 197 
29 84 85 198 
72 90 36 198 
90 64 44 198 
81 94 23 198 
39 69 90 198 
85 69 44 198 
37 76 85 198 
98 15 85 198 
59 48 91 198 
86 15 97 198 
47 85 66 198 
89 68 41 198 
34 70 94 198 
65 41 92 198 
95 7 96 198 
17 85 96 198 
81 42 75 198 
65 44 89 198 
48 64 86 198 
98 13 87 198 
50 63 85 198 
48 82 69 199 
72 47 80 199 
81 56 62 199 
66 42 91 199 
58 60 81 199 
57 69 73 199 
92 33 74 199 
47 69 83 199 
73 39 87 199 
84 83 32 199 
97 75 27 199 
95 27 77 199 
80 58 61 199 
38 97 64 199 
9 92 98 199 
68 58 73 199 
89 87 23 199 
74 41 84 199 
80 32 87 199 
33 78 88 199 
86 29 85 200 
53 97 50 200 
89 97 14 200 
54 53 93 200 
70 49 81 200 
39 71 90 200 
94 60 46 200 
62 90 48 200 
90 97 13 200 
73 91 36 200 
45 68 87 200 
84 24 92 200 
94 12 94 200 
69 96 35 200 
75 28 98 201 
78 62 61 201 
40 75 86 201 
85 98 18 201 
62 81 58 201 
86 80 35 201 
89 27 85 201 
11 93 97 201 
71 80 50 201 
31 72 98 201 
62 81 58 201 
76 50 75 201 
52 79 70 201 
72 72 57 201 
74 55 72 201 
82 33 86 201 
82 36 83 201 
88 85 28 201 
58 61 82 201 
79 74 49 202 
72 85 45 202 
8 97 97 202 
63 88 51 202 
73 78 51 202 
72 96 34 202 
82 66 54 202 
51 91 60 202 
85 34 83 202 
15 89 98 202 
70 45 87 202 
77 59 66 202 
32 84 86 202 
44 90 68 202 
84 70 48 202 
34 93 75 202 
91 62 49 202 
90 60 52 202 
80 83 40 203 
54 82 67 203 
84 41 78 203 
73 73 57 203 
65 74 64 203 
88 93 22 203 
69 78 56 203 
58 88 57 203 
93 34 76 203 
76 42 85 203 
98 32 73 203 
78 55 70 203 
49 81 73 203 
36 88 79 203 
82 29 92 203 
79 93 31 203 
56 72 75 203 
90 47 66 203 
48 59 97 204 
79 31 94 204 
53 69 82 204 
82 78 44 204 
88 86 30 204 
20 86 98 204 
82 95 27 204 
61 78 65 204 
96 62 46 204 
86 44 74 204 
41 76 87 204 
22 91 92 205 
85 54 66 205 
61 48 96 205 
81 56 68 205 
46 87 72 205 
33 94 78 205 
94 34 77 205 
68 48 89 205 
70 72 63 205 
46 74 85 205 
54 70 81 205 
85 98 22 205 
44 83 78 205 
41 67 97 205 
58 96 51 205 
37 77 91 205 
42 81 82 205 
72 54 79 205 
49 61 95 205 
58 94 53 205 
68 61 76 205 
61 63 81 205 
35 74 96 205 
45 82 79 206 
22 90 94 206 
29 80 97 206 
90 60 56 206 
65 83 58 206 
61 81 64 206 
84 63 59 206 
63 89 54 206 
78 41 87 206 
27 84 95 206 
56 54 96 206 
58 62 86 206 
23 87 96 206 
78 34 94 206 
90 83 33 206 
96 73 37 206 
31 93 82 206 
44 87 76 207 
86 76 45 207 
95 16 96 207 
91 51 65 207 
95 47 65 207 
39 93 75 207 
47 94 66 207 
78 34 95 207 
49 84 74 207 
83 33 91 207 
68 47 92 207 
64 61 82 207 
86 28 93 207 
76 97 34 207 
27 96 84 207 
61 92 54 207 
43 69 95 207 
36 95 76 207 
82 97 29 208 
52 79 77 208 
45 96 67 208 
45 89 74 208 
97 17 94 208 
72 54 82 208 
82 58 68 208 
95 70 43 208 
70 40 98 208 
22 96 90 208 
74 89 45 208 
82 28 98 208 
96 40 72 208 
97 74 37 208 
68 80 60 208 
67 58 83 208 
21 93 94 208 
90 34 85 209 
86 82 41 209 
36 83 90 209 
96 70 43 209 
93 56 60 209 
93 89 27 209 
48 75 86 209 
44 72 93 209 
93 84 32 209 
96 53 60 209 
55 65 89 209 
83 44 82 209 
77 66 66 209 
42 70 97 209 
89 97 23 209 
91 98 20 209 
95 50 64 209 
87 24 98 209 
26 95 89 210 
68 82 60 210 
84 63 63 210 
44 75 91 210 
96 31 83 210 
64 52 94 210 
44 78 88 210 
98 90 22 210 
33 79 98 210 
40 97 73 210 
93 71 46 210 
48 72 91 211 
48 67 96 211 
58 68 85 211 
88 91 32 211 
76 37 98 211 
60 84 67 211 
94 57 60 211 
37 76 98 211 
76 66 69 211 
84 55 72 211 
22 94 96 212 
67 92 53 212 
85 49 78 212 
39 82 91 212 
59 90 63 212 
54 81 77 212 
42 80 90 212 
40 88 84 212 
65 58 89 212 
89 65 58 212 
98 97 17 212 
80 83 49 212 
96 70 46 212 
93 68 51 212 
73 93 46 212 
75 82 55 212 
75 41 97 213 
68 59 86 213 
85 96 32 213 
84 72 57 213 
41 74 98 213 
55 89 69 213 
89 33 91 213 
98 67 48 213 
83 60 70 213 
46 96 71 213 
77 88 48 213 
43 76 94 213 
96 83 35 214 
26 94 94 214 
92 62 60 214 
51 73 90 214 
88 80 46 214 
65 85 64 214 
69 47 98 214 
43 77 94 214 
82 77 55 214 
84 71 59 214 
98 80 36 214 
63 76 75 214 
72 90 53 215 
76 93 46 215 
43 98 74 215 
62 97 56 215 
45 90 80 215 
38 88 89 215 
64 95 56 215 
58 91 66 215 
93 62 60 215 
96 27 92 215 
93 37 85 215 
66 70 79 215 
50 78 88 216 
67 73 76 216 
56 88 72 216 
59 70 87 216 
94 93 29 216 
58 81 77 216 
85 81 50 216 
59 71 86 216 
59 95 62 216 
66 73 77 216 
98 90 28 216 
30 94 92 216 
91 43 82 216 
82 57 78 217 
37 83 97 217 
55 91 71 217 
61 61 95 217 
97 37 83 217 
79 56 82 217 
93 44 80 217 
73 61 83 217 
96 65 56 217 
53 93 71 217 
63 96 58 217 
77 87 53 217 
92 68 57 217 
79 83 55 217 
98 47 72 217 
93 67 57 217 
96 86 35 217 
88 83 47 218 
28 96 94 218 
93 76 49 218 
50 82 86 218 
49 88 81 218 
42 84 92 218 
54 98 66 218 
74 94 50 218 
70 77 71 218 
67 73 78 218 
88 53 78 219 
91 91 37 219 
89 46 84 219 
76 79 64 219 
63 75 81 219 
69 79 71 219 
89 85 45 219 
89 65 65 219 
78 90 51 219 
74 88 57 219 
87 56 77 220 
88 88 44 220 
85 96 39 220 
95 91 34 220 
81 48 91 220 
69 53 98 220 
93 30 97 220 
96 73 51 220 
96 72 52 220 
49 87 84 220 
81 70 69 220 
68 86 66 220 
70 57 94 221 
74 78 69 221 
51 97 73 221 
67 71 83 221 
63 89 69 221 
47 79 95 221 
70 61 90 221 
63 81 77 221 
84 80 57 221 
75 82 64 221 
96 40 85 221 
71 58 92 221 
90 76 55 221 
97 83 41 221 
55 77 90 222 
91 40 91 222 
58 86 78 222 
90 60 72 222 
69 96 57 222 
44 86 92 222 
80 65 77 222 
97 67 58 222 
79 58 85 222 
40 97 85 222 
53 82 88 223 
41 88 94 223 
91 97 35 223 
95 76 52 223 
89 50 84 223 
80 80 63 223 
49 89 85 223 
84 58 81 223 
75 92 56 223 
90 60 73 223 
81 48 95 224 
76 93 55 224 
87 97 40 224 
90 93 41 224 
96 37 91 224 
95 46 83 224 
59 83 82 224 
58 91 75 224 
54 91 79 224 
50 85 89 224 
49 84 91 224 
72 85 68 225 
82 50 93 225 
79 55 91 225 
84 76 65 225 
57 75 93 225 
91 59 75 225 
75 78 72 225 
55 96 74 225 
55 89 81 225 
95 81 49 225 
70 72 84 226 
92 76 58 226 
82 78 66 226 
64 74 88 226 
98 49 79 226 
82 98 47 227 
68 75 84 227 
67 96 64 227 
92 91 44 227 
93 86 48 227 
70 88 69 227 
65 83 80 228 
73 63 92 228 
69 96 63 228 
79 74 75 228 
88 72 68 228 
37 94 97 228 
49 86 93 228 
89 61 78 228 
79 97 52 228 
80 68 80 228 
97 48 83 228 
96 61 72 229 
86 50 93 229 
70 62 97 229 
56 92 81 229 
94 53 82 229 
92 96 41 229 
59 76 95 230 
77 59 94 230 
46 91 93 230 
86 95 49 230 
63 75 92 230 
60 80 90 230 
69 96 65 230 
71 91 68 230 
87 94 49 230 
92 94 45 231 
70 68 93 231 
77 96 58 231 
76 60 95 231 
72 66 93 231 
46 98 87 231 
83 90 58 231 
92 78 61 231 
68 74 89 231 
74 81 76 231 
90 60 82 232 
60 77 95 232 
83 86 63 232 
88 75 69 232 
81 97 54 232 
94 78 60 232 
78 57 97 232 
85 98 49 232 
52 90 90 232 
78 65 89 232 
61 84 88 233 
78 98 57 233 
86 82 65 233 
69 68 96 233 
96 64 73 233 
88 69 76 233 
80 65 88 233 
80 94 59 233 
76 93 64 233 
63 88 82 233 
45 90 98 233 
43 98 93 234 
66 85 83 234 
48 88 98 234 
96 49 89 234 
57 95 82 234 
94 56 84 234 
90 69 75 234 
89 60 85 234 
98 76 60 234 
56 92 86 234 
96 58 81 235 
97 50 88 235 
81 98 56 235 
73 86 76 235 
53 90 92 235 
60 89 86 235 
92 59 84 235 
67 79 89 235 
74 70 91 235 
61 84 90 235 
69 71 96 236 
84 67 85 236 
97 81 58 236 
92 97 47 236 
75 78 83 236 
96 51 89 236 
80 63 93 236 
82 98 56 236 
95 61 81 237 
48 98 91 237 
73 70 94 237 
56 90 91 237 
97 74 66 237 
74 82 81 237 
88 85 64 237 
97 62 78 237 
80 84 73 237 
90 97 51 238 
83 79 76 238 
91 79 68 238 
98 82 58 238 
94 49 95 238 
67 78 93 238 
95 69 75 239 
96 76 67 239 
64 84 91 239 
53 94 92 239 
89 54 96 239 
59 89 91 239 
94 77 68 239 
84 62 93 239 
97 48 94 239 
97 81 61 239 
79 82 78 239 
88 85 67 240 
93 75 72 240 
98 61 81 240 
93 60 87 240 
83 87 70 240 
98 83 60 241 
82 86 73 241 
68 86 87 241 
86 81 74 241 
92 65 84 241 
62 87 92 241 
85 61 95 241 
83 90 69 242 
68 93 81 242 
96 97 49 242 
98 87 57 242 
79 82 82 243 
80 67 96 243 
68 88 87 243 
71 89 83 243 
84 80 79 243 
91 67 86 244 
72 74 98 244 
66 96 82 244 
86 86 72 244 
63 88 93 244 
74 88 82 244 
84 64 96 244 
87 76 82 245 
72 96 77 245 
87 68 90 245 
85 81 79 245 
90 86 69 245 
69 88 89 246 
91 72 83 246 
92 65 89 246 
83 73 90 246 
74 87 85 246 
95 66 85 246 
96 98 52 246 
76 83 88 247 
84 95 68 247 
97 98 52 247 
57 96 95 248 
83 85 80 248 
77 78 94 249 
74 97 78 249 
94 85 70 249 
76 92 81 249 
91 65 93 249 
78 76 95 249 
70 92 87 249 
94 89 67 250 
90 98 62 250 
87 68 95 250 
91 68 91 250 
84 95 72 251 
94 88 69 251 
69 96 86 251 
88 78 85 251 
79 80 92 251 
92 68 91 251 
95 78 79 252 
95 95 62 252 
96 67 89 252 
73 81 98 252 
91 84 77 252 
68 90 94 252 
73 91 89 253 
77 88 88 253 
93 84 76 253 
97 98 58 253 
65 93 95 253 
78 96 79 253 
79 77 98 254 
67 89 98 254 
90 73 91 254 
95 93 66 254 
95 86 73 254 
80 90 85 255 
92 82 81 255 
85 74 96 255 
84 74 97 255 
98 69 88 255 
90 73 92 255 
78 83 95 256 
87 80 90 257 
87 96 74 257 
91 74 93 258 
98 83 77 258 
83 95 80 258 
96 88 75 259 
76 89 94 259 
86 82 91 259 
84 81 95 260 
79 97 84 260 
95 93 72 260 
97 83 81 261 
85 98 78 261 
80 94 88 262 
92 79 91 262 
89 98 75 262 
90 90 82 262 
92 89 82 263 
95 86 82 263 
69 97 98 264 
93 84 89 266 
90 87 89 266 
90 85 93 268 
92 89 87 268 
88 88 93 269 
80 96 93 269 
86 96 88 270 
96 79 96 271 
92 90 89 271 
84 95 92 271 
91 97 83 271 
86 96 90 272 
82 96 95 273 
80 98 95 273 
94 97 83 274 
90 98 88 276 
91 90 96 277 
93 97 88 278 
96 92 95 283 
96 97 92 285 
97 93 98 288 
97 98 94 289 
Time taken to sort the array is :0.016643285751342773