16 1 0 17 
0 21 17 38 
22 6 20 48 
8 12 49 69 
23 30 19 72 
24 16 36 76 
37 30 9 76 
13 58 8 79 
3 77 9 89 
8 77 7 92 
15 6 73 94 
78 6 11 95 
7 51 40 98 
23 10 65 98 
43 50 6 99 
10 19 74 103 
14 9 82 105 
92 5 8 105 
41 35 30 106 
0 35 72 107 
16 87 10 113 
65 42 9 116 
14 56 46 116 
5 97 19 121 
94 25 2 121 
14 34 74 122 
54 63 6 123 
44 25 56 125 
87 15 23 125 
39 13 73 125 
76 5 44 125 
38 29 58 125 
74 10 44 128 
24 41 64 129 
34 74 22 130 
14 23 93 130 
20 74 37 131 
27 82 27 136 
49 30 58 137 
38 77 23 138 
3 70 65 138 
58 63 20 141 
54 75 12 141 
56 28 58 142 
28 49 66 143 
10 68 66 144 
48 17 81 146 
21 57 69 147 
70 51 29 150 
6 76 70 152 
71 78 3 152 
18 55 81 154 
5 84 65 154 
35 28 94 157 
64 19 75 158 
36 47 75 158 
75 40 46 161 
57 69 35 161 
49 57 58 164 
17 96 53 166 
75 82 10 167 
61 78 28 167 
82 79 7 168 
67 11 91 169 
64 14 92 170 
25 58 87 170 
62 91 17 170 
44 96 31 171 
56 98 18 172 
80 2 90 172 
14 95 63 172 
35 69 71 175 
51 29 95 175 
84 90 1 175 
48 92 39 179 
72 84 26 182 
77 20 87 184 
31 61 93 185 
54 44 90 188 
88 63 40 191 
53 82 57 192 
7 93 95 195 
58 83 59 200 
98 78 24 200 
72 74 60 206 
78 74 55 207 
58 76 74 208 
55 70 84 209 
42 97 71 210 
72 62 77 211 
89 26 98 213 
81 55 78 214 
79 51 85 215 
45 84 93 222 
42 95 91 228 
94 72 72 238 
74 96 71 241 
93 84 66 243 
72 96 97 265 
94 97 92 283 
Time taken to sort the array is :0.0